service_id,date,exception_type
1,20251231,2
1,20260101,2
1,20260403,2
1,20260406,2
1,20260501,2
1,20260508,2
2,20251231,2
2,20260101,2
2,20260109,2
2,20260116,2
2,20260123,2
2,20260129,2
2,20260206,2
2,20260213,2
2,20260227,2
2,20260306,2
2,20260313,2
2,20260320,2
2,20260327,2
2,20260401,2
2,20260403,2
2,20260406,2
2,20260410,2
2,20260417,2
2,20260424,2
2,20260430,2
2,20260501,2
2,20260507,2
2,20260508,2
2,20260515,2
2,20260522,2
2,20260529,2
2,20260605,2
2,20260612,2
2,20260619,2
2,20260626,2
3,20251231,2
3,20260101,2
4,20251231,2
4,20260101,2
4,20260105,2
4,20260106,2
4,20260107,2
4,20260108,2
4,20260109,2
4,20260112,2
4,20260113,2
4,20260114,2
4,20260115,2
4,20260116,2
4,20260119,2
4,20260120,2
4,20260121,2
4,20260122,2
4,20260123,2
4,20260126,2
4,20260127,2
4,20260128,2
4,20260129,2
4,20260202,2
4,20260203,2
4,20260204,2
4,20260205,2
4,20260206,2
4,20260209,2
4,20260210,2
4,20260211,2
4,20260212,2
4,20260213,2
4,20260223,2
4,20260224,2
4,20260225,2
4,20260226,2
4,20260227,2
4,20260302,2
4,20260303,2
4,20260304,2
4,20260305,2
4,20260306,2
4,20260309,2
4,20260310,2
4,20260311,2
4,20260312,2
4,20260313,2
4,20260316,2
4,20260317,2
4,20260318,2
4,20260319,2
4,20260320,2
4,20260323,2
4,20260324,2
4,20260325,2
4,20260326,2
4,20260327,2
4,20260330,2
4,20260331,2
4,20260401,2
5,20251231,2
5,20260101,2
5,20260102,2
5,20260109,2
5,20260116,2
5,20260123,2
5,20260130,2
5,20260206,2
5,20260213,2
5,20260220,2
5,20260227,2
5,20260306,2
5,20260313,2
5,20260320,2
5,20260327,2
5,20260402,2
5,20260403,2
5,20260406,2
5,20260410,2
5,20260417,2
5,20260424,2
5,20260430,2
5,20260501,2
5,20260507,2
5,20260508,2
5,20260515,2
5,20260522,2
5,20260529,2
5,20260605,2
5,20260612,2
5,20260619,2
5,20260626,2
6,20251231,2
6,20260101,2
6,20260105,2
6,20260106,2
6,20260107,2
6,20260108,2
6,20260112,2
6,20260113,2
6,20260114,2
6,20260115,2
6,20260119,2
6,20260120,2
6,20260121,2
6,20260122,2
6,20260126,2
6,20260127,2
6,20260128,2
6,20260129,2
6,20260202,2
6,20260203,2
6,20260204,2
6,20260205,2
6,20260209,2
6,20260210,2
6,20260211,2
6,20260212,2
6,20260216,2
6,20260217,2
6,20260218,2
6,20260219,2
6,20260223,2
6,20260224,2
6,20260225,2
6,20260226,2
6,20260302,2
6,20260303,2
6,20260304,2
6,20260305,2
6,20260309,2
6,20260310,2
6,20260311,2
6,20260312,2
6,20260316,2
6,20260317,2
6,20260318,2
6,20260319,2
6,20260323,2
6,20260324,2
6,20260325,2
6,20260326,2
6,20260330,2
6,20260331,2
6,20260401,2
6,20260403,2
6,20260406,2
6,20260407,2
6,20260408,2
6,20260409,2
6,20260413,2
6,20260414,2
6,20260415,2
6,20260416,2
6,20260420,2
6,20260421,2
6,20260422,2
6,20260423,2
6,20260427,2
6,20260428,2
6,20260429,2
6,20260501,2
6,20260504,2
6,20260505,2
6,20260506,2
6,20260508,2
6,20260511,2
6,20260512,2
6,20260513,2
6,20260514,2
6,20260518,2
6,20260519,2
6,20260520,2
6,20260521,2
6,20260525,2
6,20260526,2
6,20260527,2
6,20260528,2
6,20260601,2
6,20260602,2
6,20260603,2
6,20260604,2
6,20260608,2
6,20260609,2
6,20260610,2
6,20260611,2
6,20260615,2
6,20260616,2
6,20260617,2
6,20260618,2
6,20260622,2
6,20260623,2
6,20260624,2
6,20260625,2
8,20251231,2
8,20260101,2
9,20251231,2
9,20260101,2
9,20260102,2
9,20260105,2
9,20260112,2
9,20260119,2
9,20260126,2
9,20260202,2
9,20260209,2
9,20260216,2
9,20260223,2
9,20260302,2
9,20260309,2
9,20260316,2
9,20260323,2
9,20260330,2
9,20260403,2
9,20260406,2
9,20260407,2
9,20260413,2
9,20260420,2
9,20260427,2
9,20260501,2
9,20260504,2
9,20260508,2
9,20260511,2
9,20260518,2
9,20260525,2
9,20260601,2
9,20260608,2
9,20260615,2
9,20260622,2
9,20260629,2
10,20251231,2
10,20260101,2
10,20260106,2
10,20260403,2
10,20260406,2
10,20260501,2
10,20260508,2
10,20260514,2
10,20260525,2
10,20260604,2
11,20251231,2
11,20260101,2
12,20251231,2
12,20260101,2
12,20260102,2
12,20260109,2
13,20251231,2
13,20260101,2
13,20260105,2
13,20260106,2
13,20260107,2
13,20260108,2
13,20260112,2
13,20260113,2
13,20260114,2
13,20260115,2
14,20251231,2
14,20260101,2
14,20260102,2
14,20260109,2
14,20260116,2
14,20260123,2
14,20260130,2
14,20260206,2
14,20260213,2
14,20260220,2
14,20260227,2
14,20260306,2
14,20260313,2
14,20260320,2
14,20260327,2
14,20260403,2
14,20260406,2
14,20260410,2
14,20260417,2
14,20260424,2
14,20260430,2
14,20260501,2
14,20260507,2
14,20260508,2
14,20260515,2
14,20260522,2
14,20260529,2
14,20260605,2
14,20260612,2
14,20260619,2
14,20260626,2
15,20251231,2
15,20260101,2
15,20260106,2
15,20260403,2
15,20260406,2
15,20260501,2
15,20260508,2
16,20251231,2
16,20260101,2
16,20260105,2
16,20260106,2
16,20260107,2
16,20260108,2
16,20260109,2
16,20260112,2
16,20260113,2
16,20260114,2
16,20260115,2
16,20260116,2
16,20260119,2
16,20260120,2
16,20260121,2
16,20260122,2
16,20260123,2
16,20260126,2
16,20260127,2
16,20260128,2
16,20260129,2
16,20260130,2
16,20260202,2
16,20260203,2
16,20260204,2
16,20260205,2
16,20260206,2
16,20260209,2
16,20260210,2
16,20260211,2
16,20260212,2
16,20260213,2
16,20260216,2
16,20260220,2
16,20260223,2
16,20260224,2
16,20260225,2
16,20260226,2
16,20260227,2
16,20260302,2
16,20260303,2
16,20260304,2
16,20260305,2
16,20260306,2
16,20260309,2
16,20260310,2
16,20260311,2
16,20260312,2
16,20260313,2
16,20260316,2
16,20260317,2
16,20260318,2
16,20260319,2
16,20260320,2
16,20260323,2
16,20260324,2
16,20260325,2
16,20260326,2
16,20260327,2
16,20260330,2
16,20260331,2
16,20260401,2
17,20251231,2
17,20260101,2
17,20260105,2
17,20260106,2
17,20260107,2
17,20260108,2
17,20260109,2
17,20260112,2
17,20260113,2
17,20260114,2
17,20260115,2
17,20260116,2
17,20260119,2
17,20260120,2
17,20260121,2
17,20260122,2
17,20260123,2
17,20260126,2
17,20260127,2
17,20260128,2
17,20260129,2
17,20260130,2
17,20260202,2
17,20260203,2
17,20260204,2
17,20260205,2
17,20260206,2
17,20260209,2
17,20260210,2
17,20260211,2
17,20260212,2
17,20260213,2
17,20260216,2
17,20260217,2
17,20260218,2
17,20260219,2
18,20251231,2
18,20260101,2
18,20260105,2
18,20260109,2
18,20260112,2
18,20260116,2
18,20260119,2
18,20260123,2
18,20260126,2
18,20260130,2
18,20260202,2
18,20260206,2
18,20260209,2
18,20260213,2
18,20260216,2
18,20260220,2
18,20260223,2
18,20260227,2
18,20260302,2
18,20260306,2
18,20260309,2
18,20260313,2
18,20260316,2
18,20260320,2
18,20260323,2
18,20260327,2
18,20260330,2
18,20260403,2
18,20260406,2
18,20260410,2
18,20260413,2
18,20260417,2
18,20260420,2
18,20260424,2
18,20260427,2
18,20260501,2
18,20260504,2
18,20260508,2
18,20260511,2
18,20260515,2
18,20260518,2
18,20260522,2
18,20260525,2
18,20260529,2
18,20260601,2
18,20260605,2
18,20260608,2
18,20260612,2
18,20260615,2
18,20260619,2
18,20260622,2
18,20260626,2
18,20260629,2
19,20251231,2
19,20260101,2
19,20260403,2
19,20260406,2
19,20260501,2
19,20260508,2
20,20251231,2
20,20260101,2
20,20260102,2
20,20260105,2
20,20260106,2
20,20260107,2
20,20260108,2
20,20260109,2
20,20260112,2
20,20260113,2
20,20260114,2
20,20260115,2
20,20260116,2
20,20260119,2
20,20260120,2
20,20260121,2
20,20260122,2
20,20260123,2
20,20260126,2
20,20260127,2
20,20260128,2
20,20260129,2
20,20260130,2
20,20260202,2
20,20260203,2
20,20260204,2
20,20260205,2
20,20260206,2
20,20260209,2
20,20260210,2
20,20260211,2
20,20260212,2
20,20260213,2
20,20260220,2
20,20260223,2
20,20260224,2
20,20260225,2
20,20260226,2
20,20260227,2
20,20260302,2
20,20260303,2
20,20260304,2
20,20260305,2
20,20260306,2
20,20260309,2
20,20260310,2
20,20260311,2
20,20260312,2
20,20260313,2
20,20260316,2
20,20260317,2
20,20260318,2
20,20260319,2
20,20260320,2
20,20260323,2
20,20260324,2
20,20260325,2
20,20260326,2
20,20260327,2
20,20260330,2
20,20260331,2
20,20260401,2
21,20251231,2
21,20260101,2
21,20260105,2
21,20260106,2
21,20260107,2
21,20260108,2
21,20260112,2
21,20260113,2
21,20260114,2
21,20260115,2
21,20260119,2
21,20260120,2
21,20260121,2
21,20260122,2
21,20260126,2
21,20260127,2
21,20260128,2
21,20260129,2
21,20260202,2
21,20260203,2
21,20260204,2
21,20260205,2
21,20260209,2
21,20260210,2
21,20260211,2
21,20260212,2
21,20260216,2
21,20260217,2
21,20260218,2
21,20260219,2
21,20260223,2
21,20260224,2
21,20260225,2
21,20260226,2
21,20260302,2
21,20260303,2
21,20260304,2
21,20260305,2
21,20260309,2
21,20260310,2
21,20260311,2
21,20260312,2
21,20260316,2
21,20260317,2
21,20260318,2
21,20260319,2
21,20260323,2
21,20260324,2
21,20260325,2
21,20260326,2
21,20260330,2
21,20260331,2
21,20260401,2
21,20260402,2
21,20260403,2
21,20260406,2
21,20260407,2
21,20260408,2
21,20260409,2
21,20260413,2
21,20260414,2
21,20260415,2
21,20260416,2
21,20260420,2
21,20260421,2
21,20260422,2
21,20260423,2
21,20260427,2
21,20260428,2
21,20260429,2
21,20260430,2
21,20260501,2
21,20260504,2
21,20260505,2
21,20260506,2
21,20260507,2
21,20260508,2
21,20260511,2
21,20260512,2
21,20260513,2
21,20260514,2
21,20260518,2
21,20260519,2
21,20260520,2
21,20260521,2
21,20260525,2
21,20260526,2
21,20260527,2
21,20260528,2
21,20260601,2
21,20260602,2
21,20260603,2
21,20260604,2
21,20260608,2
21,20260609,2
21,20260610,2
21,20260611,2
21,20260615,2
21,20260616,2
21,20260617,2
21,20260618,2
21,20260622,2
21,20260623,2
21,20260624,2
21,20260625,2
22,20251231,2
22,20260101,2
22,20260105,2
22,20260106,2
22,20260107,2
22,20260108,2
22,20260112,2
22,20260113,2
22,20260114,2
22,20260115,2
22,20260119,2
22,20260120,2
22,20260121,2
22,20260122,2
22,20260126,2
22,20260127,2
22,20260128,2
22,20260129,2
22,20260202,2
22,20260203,2
22,20260204,2
22,20260205,2
22,20260209,2
22,20260210,2
22,20260211,2
22,20260212,2
22,20260216,2
22,20260217,2
22,20260218,2
22,20260219,2
22,20260223,2
22,20260224,2
22,20260225,2
22,20260226,2
22,20260302,2
22,20260303,2
22,20260304,2
22,20260305,2
22,20260309,2
22,20260310,2
22,20260311,2
22,20260312,2
22,20260316,2
22,20260317,2
22,20260318,2
22,20260319,2
22,20260323,2
22,20260324,2
22,20260325,2
22,20260326,2
22,20260330,2
22,20260331,2
22,20260401,2
22,20260403,2
22,20260406,2
22,20260407,2
22,20260408,2
22,20260409,2
22,20260413,2
22,20260414,2
22,20260415,2
22,20260416,2
22,20260420,2
22,20260421,2
22,20260422,2
22,20260423,2
22,20260427,2
22,20260428,2
22,20260429,2
22,20260501,2
22,20260504,2
22,20260505,2
22,20260506,2
22,20260508,2
22,20260511,2
22,20260512,2
22,20260513,2
22,20260514,2
22,20260518,2
22,20260519,2
22,20260520,2
22,20260521,2
22,20260525,2
22,20260526,2
22,20260527,2
22,20260528,2
23,20251231,2
23,20260101,2
23,20260105,2
23,20260106,2
23,20260107,2
23,20260108,2
23,20260109,2
23,20260112,2
23,20260113,2
23,20260114,2
23,20260115,2
23,20260116,2
23,20260119,2
23,20260120,2
23,20260121,2
23,20260122,2
23,20260123,2
23,20260126,2
23,20260127,2
23,20260128,2
23,20260129,2
23,20260202,2
23,20260203,2
23,20260204,2
23,20260205,2
23,20260206,2
23,20260209,2
23,20260210,2
23,20260211,2
23,20260212,2
23,20260213,2
23,20260216,2
23,20260217,2
23,20260218,2
23,20260219,2
23,20260220,2
23,20260223,2
23,20260224,2
23,20260225,2
23,20260226,2
23,20260227,2
23,20260302,2
23,20260303,2
23,20260304,2
23,20260305,2
23,20260306,2
23,20260316,2
23,20260317,2
23,20260318,2
23,20260319,2
23,20260320,2
23,20260323,2
23,20260324,2
23,20260325,2
23,20260326,2
23,20260327,2
23,20260330,2
23,20260331,2
23,20260401,2
24,20251231,1
25,20251231,1
25,20260101,1
25,20260403,1
25,20260406,1
25,20260501,1
25,20260508,1
26,20251231,1
26,20260104,2
26,20260111,2
26,20260118,2
26,20260125,2
26,20260201,2
26,20260208,2
26,20260215,2
26,20260222,2
26,20260301,2
26,20260308,2
26,20260315,2
26,20260322,2
26,20260329,2
26,20260403,1
26,20260412,2
26,20260419,2
26,20260426,2
26,20260501,1
26,20260503,2
26,20260508,1
26,20260510,2
26,20260517,2
26,20260524,2
26,20260531,2
26,20260607,2
26,20260614,2
26,20260621,2
27,20251231,1
27,20260103,2
27,20260110,2
27,20260117,2
27,20260124,2
27,20260131,2
27,20260207,2
27,20260214,2
27,20260221,2
27,20260228,2
27,20260307,2
27,20260314,2
27,20260321,2
27,20260328,2
27,20260404,2
27,20260405,2
27,20260406,1
27,20260411,2
27,20260418,2
27,20260425,2
27,20260502,2
27,20260509,2
27,20260516,2
27,20260523,2
27,20260530,2
27,20260606,2
27,20260613,2
27,20260620,2
27,20260627,2
28,20251231,1
28,20260101,1
29,20251231,1
29,20260403,1
29,20260406,1
29,20260501,1
29,20260508,1
30,20251231,1
30,20260104,2
30,20260111,2
30,20260118,2
30,20260125,2
30,20260201,2
30,20260208,2
30,20260215,2
30,20260222,2
30,20260301,2
30,20260308,2
30,20260315,2
30,20260322,2
30,20260329,2
30,20260403,1
30,20260404,2
30,20260405,2
30,20260412,2
30,20260419,2
30,20260426,2
30,20260501,1
30,20260503,2
30,20260508,1
30,20260510,2
30,20260517,2
30,20260524,2
30,20260531,2
30,20260607,2
30,20260614,2
30,20260621,2
31,20251231,1
31,20260101,1
31,20260104,2
31,20260111,2
31,20260118,2
31,20260125,2
31,20260201,2
31,20260208,2
31,20260215,2
31,20260222,2
31,20260301,2
31,20260308,2
31,20260315,2
31,20260322,2
31,20260329,2
31,20260403,1
31,20260412,2
31,20260419,2
31,20260426,2
31,20260501,1
31,20260503,2
31,20260508,1
31,20260510,2
31,20260517,2
31,20260524,2
31,20260531,2
31,20260607,2
31,20260614,2
31,20260621,2
32,20251231,1
32,20260104,2
32,20260111,2
32,20260118,2
32,20260125,2
32,20260201,2
32,20260208,2
32,20260215,2
32,20260222,2
32,20260301,2
32,20260308,2
32,20260315,2
32,20260322,2
32,20260329,2
32,20260403,1
32,20260404,2
32,20260405,2
32,20260412,2
32,20260419,2
32,20260426,2
32,20260501,1
32,20260502,2
32,20260503,2
32,20260508,1
32,20260509,2
32,20260510,2
32,20260517,2
32,20260524,2
32,20260531,2
32,20260607,2
32,20260614,2
32,20260621,2
33,20251231,1
33,20260104,2
33,20260111,2
33,20260117,2
33,20260118,2
33,20260124,2
33,20260125,2
33,20260201,2
33,20260208,2
33,20260215,2
33,20260222,2
33,20260301,2
33,20260308,2
33,20260315,2
33,20260322,2
33,20260329,2
33,20260403,1
33,20260404,2
33,20260405,2
33,20260412,2
33,20260419,2
33,20260426,2
33,20260501,1
33,20260502,2
33,20260503,2
33,20260508,1
33,20260509,2
33,20260510,2
33,20260517,2
33,20260524,2
33,20260531,2
33,20260607,2
33,20260614,2
33,20260621,2
34,20251231,1
34,20260101,1
34,20260117,2
34,20260118,2
34,20260124,2
34,20260125,2
34,20260403,1
34,20260406,1
34,20260501,1
34,20260508,1
35,20251231,1
35,20260101,1
35,20260104,2
35,20260111,2
35,20260118,2
35,20260125,2
35,20260201,2
35,20260208,2
35,20260215,2
35,20260222,2
35,20260301,2
35,20260308,2
35,20260315,2
35,20260322,2
35,20260329,2
35,20260403,1
35,20260405,2
35,20260406,1
35,20260412,2
35,20260419,2
35,20260426,2
35,20260501,1
35,20260503,2
35,20260508,1
35,20260510,2
35,20260517,2
35,20260524,2
35,20260531,2
35,20260607,2
35,20260614,2
35,20260621,2
36,20251231,1
36,20260101,1
37,20251231,1
37,20260101,1
37,20260104,2
37,20260111,2
37,20260118,2
37,20260125,2
37,20260201,2
37,20260208,2
37,20260215,2
37,20260222,2
37,20260301,2
37,20260308,2
37,20260315,2
38,20251231,1
38,20260101,1
38,20260103,2
38,20260110,2
38,20260117,2
38,20260118,2
38,20260124,2
38,20260131,2
38,20260207,2
38,20260214,2
38,20260221,2
38,20260228,2
38,20260307,2
38,20260314,2
38,20260321,2
38,20260328,2
38,20260404,2
38,20260405,2
38,20260406,1
38,20260411,2
38,20260418,2
38,20260425,2
38,20260502,2
38,20260509,2
38,20260516,2
38,20260523,2
38,20260530,2
38,20260606,2
38,20260613,2
38,20260620,2
38,20260627,2
39,20251231,1
39,20260104,2
39,20260111,2
39,20260117,2
39,20260118,2
39,20260125,2
39,20260201,2
39,20260208,2
39,20260215,2
39,20260222,2
39,20260301,2
39,20260308,2
39,20260315,2
39,20260322,2
39,20260329,2
39,20260403,1
39,20260404,2
39,20260405,2
39,20260412,2
39,20260419,2
39,20260426,2
39,20260501,1
39,20260502,2
39,20260503,2
39,20260508,1
39,20260509,2
39,20260510,2
39,20260517,2
39,20260524,2
39,20260531,2
39,20260607,2
39,20260614,2
39,20260621,2
40,20251231,1
40,20260101,1
40,20260117,2
40,20260118,2
40,20260403,1
40,20260406,1
40,20260501,1
40,20260508,1
41,20251231,1
41,20260104,2
41,20260111,2
41,20260118,2
41,20260125,2
41,20260201,2
41,20260208,2
41,20260215,2
41,20260222,2
41,20260301,2
41,20260308,2
41,20260315,2
42,20251231,1
42,20260101,1
42,20260328,2
42,20260404,2
42,20260405,2
42,20260406,1
42,20260411,2
42,20260418,2
42,20260425,2
42,20260502,2
42,20260509,2
42,20260516,2
42,20260523,2
42,20260530,2
42,20260606,2
42,20260613,2
42,20260620,2
42,20260627,2
43,20251231,1
43,20260101,1
43,20260103,2
43,20260110,2
43,20260117,2
43,20260124,2
43,20260131,2
43,20260207,2
43,20260214,2
43,20260221,2
43,20260228,2
43,20260307,2
43,20260314,2
43,20260321,2
44,20251231,1
44,20260103,2
44,20260104,2
44,20260110,2
44,20260111,2
44,20260117,2
44,20260118,2
44,20260124,2
44,20260125,2
44,20260131,2
44,20260201,2
44,20260207,2
44,20260208,2
44,20260214,2
44,20260215,2
44,20260221,2
44,20260222,2
44,20260228,2
44,20260301,2
44,20260307,2
44,20260308,2
44,20260314,2
44,20260315,2
44,20260321,2
44,20260322,2
44,20260328,2
44,20260329,2
44,20260403,1
44,20260404,2
44,20260405,2
44,20260411,2
44,20260412,2
44,20260418,2
44,20260419,2
44,20260425,2
44,20260426,2
44,20260502,2
44,20260503,2
44,20260508,1
45,20251231,1
45,20260104,2
45,20260111,2
45,20260118,2
45,20260125,2
45,20260201,2
45,20260208,2
45,20260215,2
45,20260222,2
45,20260301,2
45,20260308,2
45,20260315,2
45,20260322,2
45,20260329,2
45,20260403,1
45,20260405,2
45,20260412,2
45,20260419,2
45,20260426,2
45,20260503,2
45,20260508,1
45,20260510,2
45,20260517,2
45,20260524,2
45,20260531,2
45,20260607,2
45,20260614,2
45,20260621,2
46,20251231,1
46,20260101,1
46,20260103,2
46,20260110,2
46,20260117,2
46,20260124,2
46,20260131,2
46,20260207,2
46,20260214,2
46,20260221,2
46,20260228,2
46,20260307,2
46,20260314,2
46,20260321,2
46,20260328,2
46,20260406,1
46,20260411,2
46,20260418,2
46,20260425,2
46,20260516,2
46,20260523,2
46,20260530,2
46,20260606,2
46,20260613,2
46,20260620,2
46,20260627,2
47,20251231,1
47,20260104,2
47,20260111,2
47,20260117,2
47,20260118,2
47,20260125,2
47,20260201,2
47,20260208,2
47,20260215,2
47,20260222,2
47,20260301,2
47,20260308,2
47,20260315,2
47,20260322,2
47,20260329,2
47,20260405,2
47,20260412,2
47,20260419,2
47,20260426,2
47,20260503,2
47,20260510,2
47,20260517,2
47,20260524,2
47,20260531,2
47,20260607,2
47,20260614,2
47,20260621,2
48,20251231,1
48,20260104,2
49,20251231,1
49,20260101,1
50,20251231,1
50,20260103,2
50,20260104,2
50,20260110,2
50,20260111,2
50,20260117,2
50,20260118,2
50,20260124,2
50,20260125,2
50,20260131,2
50,20260201,2
50,20260207,2
50,20260208,2
50,20260214,2
50,20260215,2
50,20260221,2
50,20260222,2
50,20260228,2
50,20260301,2
50,20260307,2
50,20260308,2
50,20260314,2
50,20260315,2
50,20260321,2
50,20260322,2
50,20260328,2
50,20260329,2
50,20260404,2
50,20260405,2
50,20260411,2
50,20260412,2
50,20260418,2
50,20260419,2
50,20260425,2
50,20260426,2
51,20251231,1
51,20260101,1
51,20260103,2
51,20260104,2
51,20260110,2
51,20260111,2
51,20260117,2
51,20260118,2
51,20260124,2
51,20260125,2
51,20260131,2
51,20260201,2
51,20260207,2
51,20260208,2
51,20260214,2
51,20260215,2
51,20260221,2
51,20260222,2
51,20260228,2
51,20260301,2
51,20260307,2
51,20260308,2
51,20260314,2
51,20260315,2
51,20260321,2
51,20260322,2
51,20260328,2
51,20260329,2
51,20260403,1
51,20260404,2
51,20260405,2
51,20260406,1
52,20251231,1
52,20260101,1
52,20260103,2
52,20260104,2
52,20260110,2
52,20260111,2
52,20260117,2
52,20260118,2
52,20260124,2
52,20260125,2
52,20260131,2
52,20260201,2
52,20260207,2
52,20260208,2
52,20260214,2
52,20260215,2
52,20260221,2
52,20260222,2
52,20260228,2
52,20260301,2
52,20260307,2
52,20260308,2
52,20260314,2
52,20260315,2
52,20260321,2
52,20260322,2
52,20260328,2
52,20260329,2
52,20260403,1
52,20260404,2
52,20260405,2
52,20260406,1
52,20260411,2
52,20260412,2
52,20260418,2
52,20260419,2
52,20260425,2
52,20260426,2
52,20260501,1
52,20260502,2
52,20260503,2
52,20260508,1
53,20251231,1
53,20260104,2
53,20260111,2
53,20260118,2
53,20260125,2
53,20260201,2
53,20260208,2
53,20260215,2
53,20260222,2
53,20260301,2
53,20260308,2
53,20260315,2
53,20260322,2
53,20260329,2
53,20260403,1
53,20260405,2
53,20260412,2
53,20260419,2
53,20260426,2
53,20260501,1
53,20260503,2
53,20260508,1
53,20260510,2
53,20260517,2
53,20260524,2
53,20260531,2
53,20260607,2
53,20260614,2
53,20260621,2
54,20251231,1
55,20251231,1
55,20260104,2
55,20260110,2
55,20260111,2
55,20260117,2
55,20260118,2
55,20260124,2
55,20260125,2
55,20260131,2
55,20260201,2
55,20260207,2
55,20260208,2
55,20260214,2
55,20260215,2
56,20251231,1
56,20260103,2
56,20260104,2
56,20260110,2
56,20260111,2
56,20260117,2
56,20260118,2
56,20260124,2
56,20260125,2
56,20260131,2
56,20260201,2
56,20260207,2
56,20260208,2
56,20260214,2
56,20260215,2
56,20260221,2
56,20260222,2
56,20260228,2
56,20260301,2
56,20260307,2
56,20260308,2
56,20260314,2
56,20260315,2
56,20260321,2
56,20260322,2
56,20260328,2
56,20260329,2
56,20260403,1
56,20260404,2
56,20260405,2
56,20260411,2
56,20260412,2
56,20260418,2
56,20260419,2
56,20260425,2
56,20260426,2
56,20260501,1
56,20260502,2
56,20260503,2
56,20260508,1
57,20251231,1
57,20260101,1
57,20260103,2
57,20260110,2
57,20260117,2
57,20260124,2
57,20260131,2
57,20260207,2
57,20260214,2
57,20260221,2
57,20260228,2
57,20260307,2
57,20260314,2
57,20260321,2
57,20260328,2
57,20260404,2
57,20260405,2
57,20260406,1
57,20260411,2
57,20260418,2
57,20260425,2
57,20260502,2
57,20260509,2
57,20260516,2
57,20260523,2
57,20260530,2
57,20260606,2
57,20260613,2
57,20260620,2
57,20260627,2
58,20251231,1
58,20260101,1
58,20260103,2
58,20260104,2
58,20260110,2
58,20260111,2
58,20260117,2
58,20260118,2
58,20260124,2
58,20260125,2
58,20260131,2
58,20260201,2
58,20260207,2
58,20260208,2
58,20260214,2
58,20260215,2
58,20260221,2
58,20260222,2
58,20260228,2
58,20260301,2
58,20260307,2
58,20260308,2
58,20260314,2
58,20260315,2
58,20260321,2
58,20260322,2
58,20260328,2
58,20260329,2
58,20260404,2
58,20260405,2
58,20260406,1
58,20260411,2
58,20260412,2
58,20260418,2
58,20260419,2
58,20260425,2
58,20260426,2
58,20260502,2
58,20260503,2
58,20260508,1
59,20251231,1
59,20260104,2
59,20260111,2
59,20260118,2
59,20260125,2
59,20260201,2
59,20260208,2
59,20260215,2
59,20260222,2
59,20260301,2
59,20260308,2
59,20260315,2
59,20260322,2
59,20260329,2
59,20260403,1
59,20260405,2
59,20260412,2
59,20260419,2
59,20260426,2
59,20260501,1
59,20260503,2
59,20260508,1
59,20260510,2
59,20260517,2
59,20260524,2
60,20251231,1
60,20260101,1
60,20260403,1
60,20260406,1
60,20260501,1
60,20260508,1
61,20251231,1
61,20260101,1
61,20260104,2
61,20260111,2
61,20260118,2
61,20260125,2
61,20260201,2
61,20260208,2
61,20260222,2
61,20260301,2
61,20260308,2
61,20260315,2
61,20260322,2
61,20260329,2
61,20260403,1
61,20260412,2
61,20260419,2
61,20260426,2
61,20260501,1
61,20260503,2
61,20260508,1
61,20260510,2
61,20260517,2
61,20260524,2
61,20260531,2
61,20260607,2
61,20260614,2
61,20260621,2
62,20260101,1
62,20260403,1
62,20260406,1
62,20260501,1
62,20260508,1
63,20260101,1
64,20260101,1
64,20260103,2
64,20260110,2
64,20260117,2
64,20260124,2
64,20260131,2
64,20260207,2
64,20260214,2
64,20260221,2
64,20260228,2
64,20260307,2
64,20260314,2
64,20260321,2
64,20260328,2
64,20260404,2
64,20260405,2
64,20260406,1
64,20260411,2
64,20260418,2
64,20260425,2
64,20260502,2
64,20260509,2
64,20260516,2
64,20260523,2
64,20260530,2
64,20260606,2
64,20260613,2
64,20260620,2
64,20260627,2
65,20260101,1
65,20260103,2
65,20260104,2
65,20260110,2
65,20260111,2
65,20260117,2
65,20260118,2
65,20260124,2
65,20260125,2
65,20260131,2
65,20260201,2
65,20260207,2
65,20260208,2
65,20260214,2
65,20260215,2
65,20260221,2
65,20260222,2
65,20260228,2
65,20260301,2
65,20260307,2
65,20260308,2
65,20260314,2
65,20260315,2
65,20260321,2
65,20260322,2
65,20260328,2
65,20260329,2
65,20260403,1
65,20260404,2
65,20260405,2
65,20260406,1
65,20260411,2
65,20260412,2
65,20260418,2
65,20260419,2
65,20260425,2
65,20260426,2
65,20260501,1
65,20260502,2
65,20260503,2
65,20260508,1
66,20260101,1
66,20260103,2
66,20260104,2
66,20260110,2
66,20260111,2
66,20260117,2
66,20260118,2
66,20260124,2
66,20260125,2
66,20260131,2
66,20260201,2
66,20260207,2
66,20260208,2
66,20260214,2
66,20260215,2
66,20260221,2
66,20260222,2
66,20260228,2
66,20260301,2
66,20260307,2
66,20260308,2
66,20260314,2
66,20260315,2
66,20260321,2
66,20260322,2
66,20260328,2
66,20260404,2
66,20260405,2
66,20260406,1
66,20260411,2
66,20260418,2
66,20260425,2
66,20260502,2
66,20260509,2
66,20260516,2
66,20260523,2
66,20260530,2
66,20260606,2
66,20260613,2
66,20260620,2
66,20260627,2
67,20260101,1
68,20260101,1
68,20260103,2
68,20260110,2
68,20260117,2
68,20260124,2
68,20260131,2
68,20260207,2
68,20260214,2
68,20260221,2
68,20260228,2
68,20260307,2
68,20260314,2
68,20260321,2
68,20260328,2
68,20260406,1
68,20260411,2
68,20260418,2
68,20260425,2
68,20260502,2
68,20260509,2
68,20260516,2
68,20260523,2
68,20260530,2
68,20260606,2
68,20260613,2
68,20260620,2
68,20260627,2
69,20260101,1
69,20260104,2
69,20260111,2
69,20260118,2
69,20260125,2
69,20260201,2
69,20260208,2
69,20260215,2
69,20260222,2
69,20260301,2
69,20260308,2
69,20260315,2
69,20260322,2
69,20260329,2
69,20260403,1
69,20260412,2
69,20260419,2
69,20260426,2
69,20260501,1
69,20260503,2
69,20260508,1
69,20260510,2
69,20260517,2
69,20260524,2
69,20260531,2
69,20260607,2
69,20260614,2
69,20260621,2
70,20260101,1
70,20260117,2
70,20260118,2
70,20260124,2
70,20260125,2
70,20260403,1
70,20260406,1
70,20260501,1
70,20260508,1
71,20260101,1
71,20260103,2
71,20260110,2
71,20260117,2
71,20260118,2
71,20260124,2
71,20260125,2
71,20260131,2
71,20260207,2
71,20260214,2
71,20260221,2
71,20260228,2
71,20260307,2
71,20260314,2
71,20260321,2
71,20260328,2
71,20260404,2
71,20260405,2
71,20260406,1
71,20260411,2
71,20260418,2
71,20260425,2
71,20260502,2
71,20260509,2
71,20260516,2
71,20260523,2
71,20260530,2
71,20260606,2
71,20260613,2
71,20260620,2
71,20260627,2
72,20260101,1
72,20260103,2
72,20260110,2
72,20260117,2
72,20260118,2
72,20260124,2
72,20260125,2
72,20260131,2
72,20260207,2
72,20260214,2
72,20260221,2
72,20260228,2
72,20260307,2
72,20260314,2
72,20260321,2
72,20260328,2
72,20260406,1
72,20260411,2
72,20260418,2
72,20260425,2
72,20260516,2
72,20260523,2
72,20260530,2
72,20260606,2
72,20260613,2
72,20260620,2
72,20260627,2
73,20260101,1
73,20260103,2
73,20260110,2
73,20260117,2
73,20260124,2
73,20260131,2
73,20260207,2
73,20260214,2
73,20260221,2
73,20260228,2
73,20260307,2
73,20260308,2
73,20260314,2
73,20260321,2
73,20260328,2
73,20260406,1
73,20260411,2
73,20260418,2
73,20260425,2
73,20260516,2
73,20260523,2
73,20260530,2
73,20260606,2
73,20260613,2
73,20260620,2
73,20260627,2
74,20260101,1
74,20260103,2
74,20260110,2
75,20260101,1
76,20260101,1
76,20260104,2
76,20260111,2
76,20260118,2
76,20260125,2
76,20260201,2
76,20260208,2
76,20260215,2
76,20260222,2
76,20260301,2
76,20260308,2
76,20260315,2
77,20260101,1
77,20260117,2
77,20260118,2
77,20260403,1
77,20260406,1
77,20260501,1
77,20260508,1
78,20260101,1
78,20260103,2
78,20260110,2
78,20260117,2
78,20260118,2
78,20260124,2
78,20260131,2
78,20260207,2
78,20260214,2
78,20260221,2
78,20260228,2
78,20260307,2
78,20260314,2
78,20260321,2
78,20260328,2
78,20260406,1
78,20260411,2
78,20260418,2
78,20260425,2
78,20260516,2
78,20260523,2
78,20260530,2
78,20260606,2
78,20260613,2
78,20260620,2
78,20260627,2
79,20260101,1
79,20260103,2
79,20260110,2
79,20260117,2
79,20260118,2
79,20260124,2
79,20260131,2
79,20260207,2
79,20260214,2
79,20260221,2
79,20260228,2
79,20260307,2
79,20260314,2
79,20260321,2
79,20260328,2
79,20260404,2
79,20260405,2
79,20260406,1
79,20260411,2
79,20260418,2
79,20260425,2
79,20260502,2
79,20260509,2
79,20260516,2
79,20260523,2
79,20260530,2
79,20260606,2
79,20260613,2
79,20260620,2
79,20260627,2
80,20260101,1
80,20260328,2
80,20260404,2
80,20260405,2
80,20260406,1
80,20260411,2
80,20260418,2
80,20260425,2
80,20260502,2
80,20260509,2
80,20260516,2
80,20260523,2
80,20260530,2
80,20260606,2
80,20260613,2
80,20260620,2
80,20260627,2
81,20260101,1
81,20260103,2
81,20260110,2
81,20260117,2
81,20260124,2
81,20260131,2
81,20260207,2
81,20260214,2
81,20260221,2
81,20260228,2
81,20260307,2
81,20260314,2
81,20260321,2
81,20260328,2
81,20260406,1
81,20260411,2
81,20260418,2
81,20260425,2
81,20260516,2
81,20260523,2
81,20260530,2
81,20260606,2
81,20260613,2
81,20260620,2
81,20260627,2
82,20260101,1
82,20260103,2
82,20260110,2
82,20260117,2
82,20260124,2
82,20260131,2
82,20260207,2
82,20260214,2
82,20260221,2
82,20260228,2
82,20260307,2
82,20260314,2
82,20260321,2
82,20260328,2
82,20260404,2
82,20260406,1
82,20260411,2
82,20260418,2
82,20260425,2
82,20260502,2
82,20260509,2
82,20260516,2
82,20260523,2
82,20260530,2
82,20260606,2
82,20260613,2
82,20260620,2
82,20260627,2
83,20260101,1
83,20260103,2
83,20260104,2
83,20260110,2
83,20260111,2
83,20260117,2
83,20260118,2
83,20260124,2
83,20260125,2
83,20260131,2
83,20260201,2
83,20260207,2
83,20260208,2
83,20260214,2
83,20260215,2
83,20260221,2
83,20260222,2
83,20260228,2
83,20260301,2
83,20260307,2
83,20260308,2
83,20260314,2
83,20260315,2
83,20260321,2
83,20260322,2
83,20260328,2
83,20260329,2
83,20260404,2
83,20260405,2
83,20260406,1
84,20260101,1
84,20260103,2
84,20260110,2
84,20260117,2
84,20260124,2
84,20260131,2
84,20260207,2
84,20260214,2
84,20260221,2
84,20260228,2
84,20260307,2
84,20260314,2
84,20260321,2
85,20260101,1
85,20260103,2
85,20260104,2
85,20260110,2
85,20260111,2
85,20260117,2
85,20260118,2
85,20260124,2
85,20260125,2
85,20260131,2
85,20260201,2
85,20260207,2
85,20260208,2
85,20260214,2
85,20260215,2
85,20260221,2
85,20260222,2
85,20260228,2
85,20260301,2
85,20260307,2
85,20260308,2
85,20260314,2
85,20260315,2
85,20260321,2
85,20260322,2
85,20260328,2
85,20260329,2
85,20260404,2
85,20260405,2
85,20260411,2
85,20260412,2
85,20260418,2
85,20260419,2
85,20260425,2
85,20260426,2
85,20260502,2
85,20260503,2
85,20260509,2
85,20260510,2
85,20260516,2
85,20260517,2
85,20260523,2
85,20260524,2
85,20260530,2
85,20260531,2
86,20260101,1
86,20260301,2
86,20260308,2
86,20260315,2
86,20260322,2
86,20260329,2
86,20260403,1
86,20260412,2
86,20260419,2
86,20260426,2
86,20260501,1
86,20260503,2
86,20260508,1
86,20260510,2
86,20260517,2
86,20260524,2
86,20260531,2
86,20260607,2
86,20260614,2
86,20260621,2
87,20260101,1
87,20260103,2
87,20260110,2
87,20260117,2
87,20260124,2
87,20260131,2
87,20260207,2
87,20260214,2
87,20260221,2
87,20260228,2
87,20260307,2
87,20260314,2
87,20260321,2
87,20260328,2
87,20260404,2
87,20260406,1
87,20260411,2
87,20260418,2
87,20260425,2
87,20260502,2
87,20260509,2
87,20260516,2
87,20260523,2
87,20260530,2
88,20260101,1
88,20260103,2
88,20260110,2
88,20260117,2
88,20260124,2
88,20260131,2
88,20260207,2
88,20260214,2
88,20260221,2
88,20260228,2
88,20260307,2
88,20260314,2
88,20260321,2
88,20260328,2
88,20260404,2
88,20260405,2
88,20260406,1
88,20260411,2
88,20260418,2
88,20260425,2
88,20260502,2
88,20260509,2
88,20260516,2
88,20260523,2
88,20260530,2
89,20260101,1
89,20260103,2
89,20260110,2
89,20260117,2
89,20260124,2
89,20260131,2
89,20260207,2
89,20260214,2
89,20260221,2
89,20260228,2
89,20260307,2
89,20260314,2
89,20260321,2
89,20260328,2
89,20260403,1
89,20260404,2
89,20260406,1
89,20260411,2
89,20260418,2
89,20260425,2
89,20260501,1
89,20260502,2
89,20260508,1
89,20260509,2
89,20260516,2
89,20260523,2
89,20260530,2
89,20260606,2
89,20260613,2
89,20260620,2
89,20260627,2
90,20260101,1
90,20260103,2
90,20260110,2
90,20260117,2
90,20260124,2
90,20260131,2
90,20260207,2
90,20260214,2
90,20260221,2
90,20260228,2
90,20260307,2
90,20260314,2
90,20260321,2
90,20260328,2
90,20260404,2
90,20260405,2
90,20260406,1
90,20260411,2
90,20260418,2
90,20260425,2
90,20260501,1
90,20260502,2
90,20260508,1
90,20260509,2
90,20260516,2
90,20260523,2
90,20260530,2
90,20260606,2
90,20260613,2
90,20260620,2
90,20260627,2
91,20260105,2
91,20260106,2
91,20260107,2
91,20260108,2
91,20260112,2
91,20260113,2
91,20260114,2
91,20260115,2
91,20260119,2
91,20260120,2
91,20260121,2
91,20260122,2
91,20260126,2
91,20260127,2
91,20260128,2
91,20260129,2
91,20260202,2
91,20260203,2
91,20260204,2
91,20260205,2
91,20260209,2
91,20260210,2
91,20260211,2
91,20260212,2
91,20260216,2
91,20260217,2
91,20260218,2
91,20260219,2
91,20260223,2
91,20260224,2
91,20260225,2
91,20260226,2
91,20260302,2
91,20260303,2
91,20260304,2
91,20260305,2
91,20260309,2
91,20260310,2
91,20260311,2
91,20260312,2
91,20260316,2
91,20260317,2
91,20260318,2
91,20260319,2
91,20260323,2
91,20260324,2
91,20260325,2
91,20260326,2
91,20260330,2
91,20260331,2
91,20260401,2
91,20260403,2
91,20260406,2
91,20260407,2
91,20260408,2
91,20260409,2
91,20260413,2
91,20260414,2
91,20260415,2
91,20260416,2
91,20260420,2
91,20260421,2
91,20260422,2
91,20260423,2
91,20260427,2
91,20260428,2
91,20260429,2
91,20260501,2
91,20260504,2
91,20260505,2
91,20260506,2
91,20260508,2
91,20260511,2
91,20260512,2
91,20260513,2
91,20260514,2
91,20260518,2
91,20260519,2
91,20260520,2
91,20260521,2
91,20260525,2
91,20260526,2
91,20260527,2
91,20260528,2
91,20260601,2
91,20260602,2
91,20260603,2
91,20260604,2
91,20260608,2
91,20260609,2
91,20260610,2
91,20260611,2
91,20260615,2
91,20260616,2
91,20260617,2
91,20260618,2
91,20260622,2
91,20260623,2
91,20260624,2
91,20260625,2
92,20260403,2
92,20260406,2
92,20260501,2
92,20260508,2
93,20260106,2
93,20260107,2
93,20260108,2
93,20260109,2
93,20260113,2
93,20260114,2
93,20260115,2
93,20260116,2
93,20260120,2
93,20260121,2
93,20260122,2
93,20260123,2
93,20260127,2
93,20260128,2
93,20260129,2
93,20260130,2
93,20260203,2
93,20260204,2
93,20260205,2
93,20260206,2
93,20260210,2
93,20260211,2
93,20260212,2
93,20260213,2
93,20260217,2
93,20260218,2
93,20260219,2
93,20260220,2
93,20260224,2
93,20260225,2
93,20260226,2
93,20260227,2
93,20260303,2
93,20260304,2
93,20260305,2
93,20260306,2
93,20260310,2
93,20260311,2
93,20260312,2
93,20260313,2
93,20260317,2
93,20260318,2
93,20260319,2
93,20260320,2
93,20260324,2
93,20260325,2
93,20260326,2
93,20260327,2
93,20260331,2
93,20260401,2
93,20260402,2
93,20260403,2
93,20260406,2
93,20260408,2
93,20260409,2
93,20260410,2
93,20260414,2
93,20260415,2
93,20260416,2
93,20260417,2
93,20260421,2
93,20260422,2
93,20260423,2
93,20260424,2
93,20260428,2
93,20260429,2
93,20260430,2
93,20260501,2
93,20260505,2
93,20260506,2
93,20260507,2
93,20260508,2
93,20260512,2
93,20260513,2
93,20260514,2
93,20260515,2
93,20260519,2
93,20260520,2
93,20260521,2
93,20260522,2
93,20260526,2
93,20260527,2
93,20260528,2
93,20260529,2
93,20260602,2
93,20260603,2
93,20260604,2
93,20260605,2
93,20260609,2
93,20260610,2
93,20260611,2
93,20260612,2
93,20260616,2
93,20260617,2
93,20260618,2
93,20260619,2
93,20260623,2
93,20260624,2
93,20260625,2
93,20260626,2
94,20260105,2
94,20260106,2
94,20260107,2
94,20260108,2
94,20260112,2
94,20260113,2
94,20260114,2
94,20260115,2
96,20260105,2
96,20260106,2
96,20260107,2
96,20260108,2
96,20260112,2
96,20260113,2
96,20260114,2
96,20260115,2
96,20260119,2
96,20260120,2
96,20260121,2
96,20260122,2
96,20260126,2
96,20260127,2
96,20260128,2
96,20260129,2
96,20260202,2
96,20260203,2
96,20260204,2
96,20260205,2
96,20260209,2
96,20260210,2
96,20260211,2
96,20260212,2
96,20260216,2
96,20260217,2
96,20260218,2
96,20260219,2
96,20260223,2
96,20260224,2
96,20260225,2
96,20260226,2
96,20260302,2
96,20260303,2
96,20260304,2
96,20260305,2
96,20260309,2
96,20260310,2
96,20260311,2
96,20260312,2
96,20260316,2
96,20260317,2
96,20260318,2
96,20260319,2
96,20260323,2
96,20260324,2
96,20260325,2
96,20260326,2
96,20260330,2
96,20260331,2
96,20260401,2
96,20260402,2
96,20260403,2
96,20260406,2
96,20260407,2
96,20260408,2
96,20260409,2
96,20260413,2
96,20260414,2
96,20260415,2
96,20260416,2
96,20260420,2
96,20260421,2
96,20260422,2
96,20260423,2
96,20260427,2
96,20260428,2
96,20260429,2
96,20260501,2
96,20260504,2
96,20260505,2
96,20260506,2
96,20260508,2
96,20260511,2
96,20260512,2
96,20260513,2
96,20260514,2
96,20260518,2
96,20260519,2
96,20260520,2
96,20260521,2
96,20260525,2
96,20260526,2
96,20260527,2
96,20260528,2
96,20260601,2
96,20260602,2
96,20260603,2
96,20260604,2
96,20260608,2
96,20260609,2
96,20260610,2
96,20260611,2
96,20260615,2
96,20260616,2
96,20260617,2
96,20260618,2
96,20260622,2
96,20260623,2
96,20260624,2
96,20260625,2
97,20260105,2
97,20260106,2
97,20260107,2
97,20260112,2
97,20260113,2
97,20260114,2
97,20260119,2
97,20260120,2
97,20260121,2
97,20260126,2
97,20260127,2
97,20260128,2
97,20260202,2
97,20260203,2
97,20260204,2
97,20260209,2
97,20260210,2
97,20260211,2
97,20260216,2
97,20260217,2
97,20260218,2
97,20260223,2
97,20260224,2
97,20260225,2
97,20260302,2
97,20260303,2
97,20260304,2
97,20260309,2
97,20260310,2
97,20260311,2
97,20260316,2
97,20260317,2
97,20260318,2
97,20260323,2
97,20260324,2
97,20260325,2
97,20260330,2
97,20260331,2
97,20260401,2
97,20260403,2
97,20260406,2
97,20260407,2
97,20260408,2
97,20260413,2
97,20260414,2
97,20260415,2
97,20260420,2
97,20260421,2
97,20260422,2
97,20260427,2
97,20260428,2
97,20260429,2
97,20260501,2
97,20260504,2
97,20260505,2
97,20260506,2
97,20260508,2
97,20260511,2
97,20260512,2
97,20260513,2
97,20260518,2
97,20260519,2
97,20260520,2
97,20260525,2
97,20260526,2
97,20260527,2
97,20260601,2
97,20260602,2
97,20260603,2
97,20260608,2
97,20260609,2
97,20260610,2
97,20260615,2
97,20260616,2
97,20260617,2
97,20260622,2
97,20260623,2
97,20260624,2
98,20260105,2
98,20260106,2
98,20260107,2
98,20260108,2
98,20260109,2
98,20260112,2
98,20260113,2
98,20260114,2
98,20260115,2
98,20260116,2
98,20260119,2
98,20260120,2
98,20260121,2
98,20260122,2
98,20260123,2
98,20260126,2
98,20260127,2
98,20260128,2
98,20260129,2
98,20260202,2
98,20260203,2
98,20260204,2
98,20260205,2
98,20260206,2
98,20260209,2
98,20260210,2
98,20260211,2
98,20260212,2
98,20260213,2
98,20260216,2
98,20260217,2
98,20260218,2
98,20260219,2
99,20260104,2
99,20260111,2
99,20260118,2
99,20260125,2
99,20260201,2
99,20260208,2
99,20260215,2
99,20260222,2
99,20260301,2
99,20260308,2
99,20260315,2
99,20260322,2
99,20260329,2
99,20260405,2
99,20260412,2
99,20260419,2
99,20260426,2
99,20260503,2
99,20260510,2
99,20260517,2
99,20260524,2
99,20260531,2
99,20260607,2
99,20260614,2
99,20260621,2
101,20260104,2
101,20260111,2
101,20260118,2
101,20260125,2
101,20260201,2
101,20260208,2
101,20260215,2
101,20260222,2
101,20260301,2
101,20260308,2
101,20260315,2
101,20260322,2
101,20260329,2
101,20260403,1
101,20260412,2
101,20260419,2
101,20260426,2
101,20260501,1
101,20260503,2
101,20260508,1
101,20260510,2
101,20260517,2
101,20260524,2
101,20260531,2
101,20260607,2
101,20260614,2
101,20260621,2
102,20260104,2
102,20260110,2
102,20260111,2
102,20260117,2
102,20260118,2
102,20260124,2
102,20260125,2
102,20260131,2
102,20260201,2
102,20260207,2
102,20260208,2
102,20260214,2
102,20260215,2
102,20260221,2
102,20260222,2
102,20260228,2
102,20260301,2
102,20260307,2
102,20260308,2
102,20260314,2
102,20260315,2
102,20260321,2
102,20260322,2
102,20260328,2
102,20260329,2
102,20260404,2
102,20260405,2
102,20260411,2
102,20260412,2
102,20260418,2
102,20260419,2
102,20260425,2
102,20260426,2
102,20260502,2
102,20260503,2
102,20260509,2
102,20260510,2
102,20260516,2
102,20260517,2
102,20260523,2
102,20260524,2
102,20260530,2
102,20260531,2
102,20260606,2
102,20260607,2
102,20260613,2
102,20260614,2
102,20260620,2
102,20260621,2
103,20260403,1
103,20260406,1
103,20260501,1
103,20260508,1
104,20260104,2
104,20260111,2
104,20260118,2
104,20260125,2
104,20260201,2
104,20260208,2
104,20260215,2
104,20260222,2
104,20260301,2
104,20260308,2
104,20260315,2
104,20260322,2
104,20260329,2
104,20260403,1
104,20260404,2
104,20260405,2
104,20260412,2
104,20260419,2
104,20260426,2
104,20260501,1
104,20260502,2
104,20260503,2
104,20260508,1
104,20260509,2
104,20260510,2
104,20260517,2
104,20260524,2
104,20260531,2
104,20260607,2
104,20260614,2
104,20260621,2
105,20260104,2
105,20260111,2
105,20260117,2
105,20260118,2
105,20260124,2
105,20260125,2
105,20260201,2
105,20260208,2
105,20260215,2
105,20260222,2
105,20260301,2
105,20260308,2
105,20260315,2
105,20260322,2
105,20260329,2
105,20260403,1
105,20260404,2
105,20260405,2
105,20260412,2
105,20260419,2
105,20260426,2
105,20260501,1
105,20260502,2
105,20260503,2
105,20260508,1
105,20260509,2
105,20260510,2
105,20260517,2
105,20260524,2
105,20260531,2
105,20260607,2
105,20260614,2
105,20260621,2
106,20260104,2
106,20260111,2
106,20260117,2
106,20260118,2
106,20260124,2
106,20260125,2
106,20260201,2
106,20260208,2
106,20260215,2
106,20260222,2
106,20260301,2
106,20260308,2
106,20260315,2
106,20260322,2
106,20260329,2
106,20260403,1
106,20260412,2
106,20260419,2
106,20260426,2
106,20260501,1
106,20260503,2
106,20260508,1
106,20260510,2
106,20260517,2
106,20260524,2
106,20260531,2
106,20260607,2
106,20260614,2
106,20260621,2
107,20260117,2
107,20260118,2
107,20260124,2
107,20260125,2
107,20260403,1
107,20260406,1
107,20260501,1
107,20260508,1
108,20260104,2
108,20260111,2
108,20260118,2
108,20260125,2
108,20260201,2
108,20260208,2
108,20260215,2
108,20260222,2
108,20260301,2
108,20260307,2
108,20260308,2
108,20260315,2
108,20260322,2
108,20260329,2
108,20260403,1
108,20260404,2
108,20260405,2
108,20260412,2
108,20260419,2
108,20260426,2
108,20260501,1
108,20260502,2
108,20260503,2
108,20260508,1
108,20260509,2
108,20260510,2
108,20260517,2
108,20260524,2
108,20260531,2
108,20260607,2
108,20260614,2
108,20260621,2
109,20260104,2
110,20260104,2
110,20260111,2
110,20260117,2
110,20260118,2
110,20260125,2
110,20260201,2
110,20260208,2
110,20260215,2
110,20260222,2
110,20260301,2
110,20260308,2
110,20260315,2
111,20260104,2
111,20260111,2
111,20260117,2
111,20260118,2
111,20260125,2
111,20260201,2
111,20260208,2
111,20260215,2
111,20260222,2
111,20260301,2
111,20260308,2
111,20260315,2
111,20260322,2
111,20260329,2
111,20260403,1
111,20260412,2
111,20260419,2
111,20260426,2
111,20260501,1
111,20260503,2
111,20260508,1
111,20260510,2
111,20260517,2
111,20260524,2
111,20260531,2
111,20260607,2
111,20260614,2
111,20260621,2
112,20260104,2
112,20260111,2
112,20260117,2
112,20260118,2
112,20260125,2
112,20260201,2
112,20260208,2
112,20260215,2
112,20260222,2
112,20260301,2
112,20260308,2
112,20260315,2
112,20260322,2
112,20260329,2
112,20260403,1
112,20260404,2
112,20260405,2
112,20260412,2
112,20260419,2
112,20260426,2
112,20260501,1
112,20260502,2
112,20260503,2
112,20260508,1
112,20260509,2
112,20260510,2
112,20260517,2
112,20260524,2
112,20260531,2
112,20260607,2
112,20260614,2
112,20260621,2
113,20260117,2
113,20260118,2
113,20260403,1
113,20260406,1
113,20260501,1
113,20260508,1
114,20260104,2
114,20260111,2
114,20260118,2
114,20260125,2
114,20260201,2
114,20260208,2
114,20260215,2
114,20260222,2
114,20260301,2
114,20260308,2
114,20260315,2
115,20260104,2
115,20260111,2
115,20260117,2
115,20260118,2
115,20260125,2
115,20260201,2
115,20260208,2
115,20260215,2
115,20260222,2
115,20260301,2
115,20260308,2
115,20260315,2
115,20260322,2
115,20260329,2
115,20260405,2
115,20260412,2
115,20260419,2
115,20260426,2
115,20260503,2
115,20260510,2
115,20260517,2
115,20260524,2
115,20260531,2
115,20260607,2
115,20260614,2
115,20260621,2
117,20260104,2
117,20260111,2
117,20260118,2
117,20260125,2
117,20260201,2
117,20260208,2
117,20260215,2
117,20260222,2
117,20260301,2
117,20260308,2
117,20260315,2
117,20260322,2
117,20260329,2
117,20260403,1
117,20260405,2
117,20260412,2
117,20260419,2
117,20260426,2
117,20260501,1
117,20260503,2
117,20260508,1
117,20260510,2
117,20260517,2
117,20260524,2
117,20260531,2
117,20260607,2
117,20260614,2
117,20260621,2
118,20260501,1
118,20260508,1
119,20260104,2
119,20260111,2
119,20260118,2
119,20260125,2
119,20260201,2
119,20260208,2
119,20260215,2
119,20260222,2
119,20260301,2
119,20260308,2
119,20260315,2
119,20260322,2
119,20260329,2
119,20260403,1
119,20260404,2
119,20260405,2
119,20260412,2
119,20260419,2
119,20260426,2
119,20260501,1
119,20260502,2
119,20260503,2
119,20260509,2
119,20260510,2
119,20260517,2
119,20260524,2
119,20260531,2
119,20260607,2
119,20260614,2
119,20260621,2
122,20260104,2
122,20260111,2
122,20260118,2
122,20260125,2
122,20260201,2
122,20260208,2
122,20260215,2
122,20260222,2
122,20260301,2
122,20260308,2
122,20260315,2
122,20260322,2
122,20260329,2
122,20260404,2
122,20260405,2
122,20260411,2
122,20260412,2
122,20260418,2
122,20260419,2
122,20260425,2
122,20260426,2
122,20260502,2
122,20260503,2
122,20260509,2
122,20260510,2
122,20260516,2
122,20260517,2
122,20260523,2
122,20260524,2
122,20260530,2
122,20260531,2
122,20260607,2
122,20260614,2
122,20260621,2
123,20260104,2
123,20260111,2
123,20260118,2
123,20260125,2
123,20260201,2
123,20260208,2
123,20260215,2
123,20260222,2
123,20260301,2
123,20260308,2
123,20260315,2
123,20260322,2
123,20260329,2
123,20260412,2
123,20260419,2
123,20260426,2
123,20260503,2
123,20260510,2
123,20260517,2
123,20260524,2
123,20260531,2
123,20260607,2
123,20260614,2
123,20260621,2
124,20260104,2
124,20260110,2
124,20260111,2
124,20260117,2
124,20260118,2
124,20260124,2
124,20260125,2
124,20260131,2
124,20260201,2
124,20260207,2
124,20260208,2
124,20260214,2
124,20260215,2
124,20260222,2
124,20260228,2
124,20260301,2
124,20260307,2
124,20260308,2
124,20260314,2
124,20260315,2
124,20260321,2
124,20260322,2
124,20260328,2
124,20260329,2
124,20260403,1
124,20260404,2
124,20260405,2
124,20260411,2
124,20260412,2
124,20260418,2
124,20260419,2
124,20260425,2
124,20260426,2
124,20260501,1
124,20260502,2
124,20260503,2
124,20260508,1
125,20260104,2
125,20260111,2
125,20260118,2
125,20260125,2
125,20260201,2
125,20260208,2
125,20260215,2
125,20260222,2
125,20260301,2
125,20260308,2
125,20260315,2
125,20260322,2
125,20260329,2
125,20260404,2
125,20260405,2
125,20260412,2
125,20260419,2
125,20260426,2
125,20260502,2
125,20260503,2
125,20260509,2
125,20260510,2
125,20260517,2
125,20260524,2
125,20260531,2
125,20260607,2
125,20260614,2
125,20260621,2
126,20260403,1
126,20260501,1
127,20260104,2
127,20260111,2
127,20260118,2
127,20260125,2
127,20260201,2
127,20260208,2
127,20260215,2
127,20260222,2
127,20260301,2
127,20260308,2
127,20260315,2
127,20260322,2
127,20260329,2
127,20260403,1
127,20260405,2
127,20260412,2
127,20260419,2
127,20260426,2
127,20260501,1
127,20260503,2
127,20260508,1
127,20260510,2
127,20260517,2
127,20260524,2
128,20260104,2
128,20260111,2
128,20260118,2
128,20260125,2
128,20260201,2
128,20260208,2
128,20260215,2
128,20260222,2
128,20260301,2
128,20260308,2
128,20260315,2
128,20260322,2
128,20260329,2
128,20260403,1
128,20260412,2
128,20260419,2
128,20260426,2
128,20260501,1
128,20260503,2
128,20260508,1
128,20260510,2
128,20260517,2
128,20260524,2
129,20260110,2
129,20260117,2
129,20260124,2
129,20260131,2
129,20260207,2
129,20260214,2
129,20260221,2
129,20260228,2
129,20260307,2
129,20260314,2
129,20260321,2
131,20260110,2
131,20260117,2
131,20260124,2
131,20260131,2
131,20260207,2
131,20260214,2
131,20260221,2
131,20260228,2
131,20260307,2
131,20260314,2
131,20260321,2
131,20260328,2
131,20260404,2
131,20260405,2
131,20260406,1
131,20260411,2
131,20260418,2
131,20260425,2
131,20260502,2
131,20260509,2
131,20260516,2
131,20260523,2
131,20260530,2
131,20260606,2
131,20260613,2
131,20260620,2
131,20260627,2
132,20260110,2
132,20260117,2
132,20260124,2
132,20260131,2
132,20260207,2
132,20260214,2
132,20260221,2
132,20260228,2
132,20260307,2
132,20260314,2
132,20260321,2
132,20260328,2
132,20260406,1
132,20260411,2
132,20260418,2
132,20260425,2
132,20260516,2
132,20260523,2
132,20260530,2
132,20260606,2
132,20260613,2
132,20260620,2
132,20260627,2
133,20260110,2
133,20260117,2
133,20260118,2
133,20260124,2
133,20260131,2
133,20260207,2
133,20260214,2
133,20260221,2
133,20260228,2
133,20260307,2
133,20260314,2
133,20260321,2
133,20260328,2
133,20260406,1
133,20260411,2
133,20260418,2
133,20260425,2
133,20260516,2
133,20260523,2
133,20260530,2
133,20260606,2
133,20260613,2
133,20260620,2
133,20260627,2
134,20260110,2
134,20260117,2
134,20260118,2
134,20260124,2
134,20260131,2
134,20260207,2
134,20260214,2
134,20260221,2
134,20260228,2
134,20260307,2
134,20260314,2
134,20260321,2
134,20260328,2
134,20260404,2
134,20260405,2
134,20260406,1
134,20260411,2
134,20260418,2
134,20260425,2
134,20260502,2
134,20260509,2
134,20260516,2
134,20260523,2
134,20260530,2
134,20260606,2
134,20260613,2
134,20260620,2
134,20260627,2
135,20260110,2
136,20260110,2
136,20260117,2
136,20260124,2
136,20260131,2
136,20260207,2
136,20260214,2
136,20260221,2
136,20260228,2
136,20260307,2
136,20260314,2
136,20260321,2
136,20260328,2
136,20260404,2
136,20260411,2
136,20260418,2
136,20260425,2
136,20260502,2
136,20260509,2
136,20260516,2
136,20260523,2
136,20260530,2
136,20260606,2
136,20260613,2
136,20260620,2
136,20260627,2
137,20260110,2
137,20260117,2
137,20260124,2
137,20260131,2
137,20260207,2
137,20260214,2
137,20260221,2
137,20260228,2
137,20260307,2
137,20260314,2
137,20260321,2
137,20260328,2
137,20260404,2
137,20260405,2
137,20260411,2
137,20260412,2
137,20260418,2
137,20260419,2
137,20260425,2
137,20260426,2
137,20260502,2
137,20260503,2
137,20260509,2
137,20260510,2
137,20260516,2
137,20260517,2
137,20260523,2
137,20260524,2
137,20260530,2
137,20260531,2
137,20260606,2
137,20260613,2
137,20260620,2
137,20260627,2
138,20260110,2
138,20260117,2
138,20260124,2
138,20260131,2
138,20260207,2
138,20260214,2
138,20260221,2
138,20260228,2
138,20260307,2
138,20260314,2
138,20260321,2
138,20260328,2
138,20260404,2
138,20260406,1
138,20260411,2
138,20260418,2
138,20260425,2
138,20260502,2
138,20260509,2
138,20260516,2
138,20260523,2
138,20260530,2
138,20260606,2
138,20260613,2
138,20260620,2
138,20260627,2
139,20260110,2
139,20260117,2
139,20260124,2
139,20260131,2
139,20260207,2
139,20260214,2
139,20260221,2
139,20260228,2
139,20260307,2
139,20260314,2
139,20260321,2
139,20260328,2
139,20260404,2
139,20260405,2
139,20260411,2
139,20260418,2
139,20260425,2
139,20260502,2
139,20260509,2
139,20260516,2
139,20260523,2
139,20260530,2
139,20260606,2
139,20260613,2
139,20260620,2
139,20260627,2
140,20260110,2
140,20260117,2
140,20260124,2
140,20260131,2
140,20260207,2
140,20260214,2
140,20260215,2
140,20260221,2
140,20260228,2
140,20260307,2
140,20260314,2
140,20260321,2
140,20260328,2
140,20260404,2
140,20260405,2
140,20260411,2
140,20260418,2
140,20260425,2
140,20260502,2
140,20260509,2
140,20260516,2
140,20260523,2
140,20260530,2
140,20260606,2
140,20260613,2
140,20260620,2
141,20260110,2
141,20260117,2
141,20260124,2
141,20260131,2
141,20260207,2
141,20260214,2
141,20260221,2
141,20260228,2
141,20260307,2
141,20260314,2
141,20260321,2
141,20260328,2
141,20260411,2
141,20260418,2
141,20260425,2
141,20260516,2
141,20260523,2
141,20260530,2
141,20260606,2
141,20260613,2
141,20260620,2
141,20260627,2
142,20260110,2
142,20260117,2
142,20260124,2
142,20260131,2
142,20260207,2
142,20260214,2
142,20260221,2
142,20260228,2
142,20260307,2
142,20260314,2
142,20260321,2
142,20260328,2
142,20260411,2
142,20260418,2
142,20260425,2
142,20260509,2
142,20260516,2
142,20260523,2
142,20260530,2
142,20260606,2
142,20260613,2
142,20260620,2
142,20260627,2
143,20260403,2
143,20260406,2
143,20260501,2
143,20260508,2
144,20260130,2
144,20260216,2
144,20260217,2
144,20260218,2
144,20260219,2
144,20260220,2
144,20260402,2
144,20260403,2
144,20260406,2
144,20260501,2
144,20260508,2
145,20260109,2
145,20260116,2
145,20260123,2
145,20260130,2
145,20260206,2
145,20260213,2
145,20260220,2
145,20260227,2
145,20260306,2
145,20260313,2
145,20260320,2
145,20260327,2
145,20260402,2
145,20260403,2
145,20260406,2
145,20260410,2
145,20260417,2
145,20260424,2
145,20260430,2
145,20260501,2
145,20260507,2
145,20260508,2
145,20260515,2
145,20260522,2
145,20260529,2
145,20260605,2
145,20260612,2
145,20260619,2
145,20260626,2
147,20260109,2
148,20260130,2
148,20260216,2
148,20260217,2
148,20260218,2
148,20260219,2
148,20260220,2
148,20260402,2
148,20260403,2
148,20260406,2
148,20260501,2
148,20260508,2
149,20260403,2
149,20260406,2
149,20260501,2
149,20260508,2
150,20260106,2
150,20260107,2
150,20260108,2
150,20260113,2
150,20260114,2
150,20260115,2
150,20260120,2
150,20260121,2
150,20260122,2
150,20260127,2
150,20260128,2
150,20260129,2
150,20260130,2
150,20260203,2
150,20260204,2
150,20260205,2
150,20260210,2
150,20260211,2
150,20260212,2
150,20260216,2
150,20260217,2
150,20260218,2
150,20260219,2
150,20260220,2
150,20260224,2
150,20260225,2
150,20260226,2
150,20260303,2
150,20260304,2
150,20260305,2
150,20260310,2
150,20260311,2
150,20260312,2
150,20260317,2
150,20260318,2
150,20260319,2
150,20260324,2
150,20260325,2
150,20260326,2
150,20260331,2
150,20260401,2
150,20260402,2
150,20260403,2
150,20260406,2
150,20260407,2
150,20260408,2
150,20260409,2
150,20260414,2
150,20260415,2
150,20260416,2
150,20260421,2
150,20260422,2
150,20260423,2
150,20260428,2
150,20260429,2
150,20260430,2
150,20260501,2
150,20260505,2
150,20260506,2
150,20260507,2
150,20260508,2
150,20260512,2
150,20260513,2
150,20260514,2
150,20260519,2
150,20260520,2
150,20260521,2
150,20260526,2
150,20260527,2
150,20260528,2
150,20260602,2
150,20260603,2
150,20260604,2
150,20260609,2
150,20260610,2
150,20260611,2
150,20260616,2
150,20260617,2
150,20260618,2
150,20260623,2
150,20260624,2
150,20260625,2
152,20260401,2
152,20260402,2
152,20260403,2
152,20260406,2
152,20260407,2
152,20260408,2
152,20260409,2
152,20260410,2
152,20260413,2
152,20260414,2
152,20260415,2
152,20260416,2
152,20260417,2
152,20260420,2
152,20260421,2
152,20260422,2
152,20260423,2
152,20260424,2
152,20260427,2
152,20260428,2
152,20260429,2
152,20260430,2
152,20260501,2
152,20260504,2
152,20260505,2
152,20260506,2
152,20260507,2
152,20260508,2
152,20260511,2
152,20260512,2
152,20260513,2
152,20260514,2
152,20260515,2
152,20260518,2
152,20260519,2
152,20260520,2
152,20260521,2
152,20260522,2
152,20260525,2
152,20260526,2
152,20260527,2
152,20260528,2
152,20260529,2
153,20260130,2
153,20260216,2
153,20260217,2
153,20260218,2
153,20260219,2
153,20260220,2
154,20260109,2
154,20260116,2
154,20260123,2
154,20260129,2
154,20260130,2
154,20260206,2
154,20260213,2
154,20260216,2
154,20260217,2
154,20260218,2
154,20260219,2
154,20260220,2
154,20260227,2
154,20260306,2
154,20260313,2
154,20260320,2
154,20260327,2
154,20260401,2
154,20260402,2
154,20260403,2
154,20260406,2
154,20260410,2
154,20260417,2
154,20260424,2
154,20260430,2
154,20260501,2
154,20260507,2
154,20260508,2
154,20260515,2
154,20260522,2
154,20260529,2
154,20260605,2
154,20260612,2
154,20260619,2
155,20260220,2
155,20260403,2
155,20260406,2
155,20260501,2
155,20260508,2
156,20260130,2
156,20260209,2
156,20260210,2
156,20260211,2
156,20260212,2
156,20260213,2
156,20260216,2
156,20260217,2
156,20260218,2
156,20260219,2
156,20260220,2
156,20260402,2
156,20260403,2
156,20260406,2
156,20260501,2
156,20260508,2
157,20260109,2
157,20260116,2
157,20260123,2
157,20260129,2
157,20260130,2
157,20260206,2
157,20260213,2
157,20260216,2
157,20260217,2
157,20260218,2
157,20260219,2
157,20260220,2
157,20260227,2
157,20260306,2
157,20260313,2
157,20260320,2
157,20260327,2
157,20260401,2
157,20260402,2
157,20260403,2
157,20260406,2
157,20260410,2
157,20260417,2
157,20260424,2
157,20260430,2
157,20260501,2
157,20260507,2
157,20260508,2
157,20260515,2
157,20260522,2
157,20260529,2
157,20260605,2
157,20260612,2
157,20260619,2
157,20260626,2
158,20260106,2
158,20260107,2
158,20260108,2
158,20260113,2
158,20260114,2
158,20260115,2
158,20260120,2
158,20260121,2
158,20260122,2
158,20260127,2
158,20260128,2
158,20260129,2
158,20260203,2
158,20260204,2
158,20260205,2
158,20260210,2
158,20260211,2
158,20260212,2
158,20260217,2
158,20260218,2
158,20260219,2
158,20260224,2
158,20260225,2
158,20260226,2
158,20260303,2
158,20260304,2
158,20260305,2
158,20260310,2
158,20260311,2
158,20260312,2
158,20260317,2
158,20260318,2
158,20260319,2
158,20260324,2
158,20260325,2
158,20260326,2
158,20260331,2
158,20260401,2
158,20260402,2
158,20260403,2
158,20260406,2
158,20260407,2
158,20260408,2
158,20260409,2
158,20260414,2
158,20260415,2
158,20260416,2
158,20260421,2
158,20260422,2
158,20260423,2
158,20260428,2
158,20260429,2
158,20260430,2
158,20260501,2
158,20260505,2
158,20260506,2
158,20260507,2
158,20260508,2
158,20260512,2
158,20260513,2
158,20260514,2
158,20260519,2
158,20260520,2
158,20260521,2
158,20260526,2
158,20260527,2
158,20260528,2
158,20260602,2
158,20260603,2
158,20260604,2
158,20260609,2
158,20260610,2
158,20260611,2
158,20260616,2
158,20260617,2
158,20260618,2
158,20260623,2
158,20260624,2
158,20260625,2
159,20260109,2
159,20260116,2
159,20260123,2
159,20260129,2
159,20260206,2
159,20260213,2
159,20260227,2
159,20260306,2
159,20260313,2
159,20260320,2
159,20260327,2
159,20260401,2
159,20260403,2
159,20260406,2
159,20260410,2
159,20260417,2
159,20260424,2
159,20260430,2
159,20260501,2
159,20260507,2
159,20260508,2
159,20260515,2
159,20260522,2
159,20260529,2
159,20260605,2
159,20260612,2
159,20260619,2
159,20260626,2
160,20260112,2
160,20260113,2
160,20260114,2
160,20260115,2
160,20260116,2
160,20260126,2
160,20260127,2
160,20260128,2
160,20260129,2
160,20260130,2
160,20260209,2
160,20260210,2
160,20260211,2
160,20260212,2
160,20260213,2
160,20260223,2
160,20260224,2
160,20260225,2
160,20260226,2
160,20260227,2
160,20260309,2
160,20260310,2
160,20260311,2
160,20260312,2
160,20260313,2
160,20260323,2
160,20260324,2
160,20260325,2
160,20260326,2
160,20260327,2
160,20260403,2
160,20260406,2
160,20260407,2
160,20260408,2
160,20260409,2
160,20260410,2
160,20260420,2
160,20260421,2
160,20260422,2
160,20260423,2
160,20260424,2
160,20260501,2
160,20260504,2
160,20260505,2
160,20260506,2
160,20260507,2
160,20260508,2
160,20260518,2
160,20260519,2
160,20260520,2
160,20260521,2
160,20260522,2
160,20260601,2
160,20260602,2
160,20260603,2
160,20260604,2
160,20260605,2
160,20260615,2
160,20260616,2
160,20260617,2
160,20260618,2
160,20260619,2
161,20260106,2
161,20260108,2
161,20260113,2
161,20260115,2
161,20260120,2
161,20260122,2
161,20260127,2
161,20260129,2
161,20260203,2
161,20260205,2
161,20260210,2
161,20260212,2
161,20260224,2
161,20260226,2
161,20260303,2
161,20260305,2
161,20260310,2
161,20260312,2
161,20260317,2
161,20260319,2
161,20260324,2
161,20260326,2
161,20260331,2
161,20260403,2
161,20260406,2
161,20260407,2
161,20260409,2
161,20260414,2
161,20260416,2
161,20260421,2
161,20260423,2
161,20260428,2
161,20260430,2
161,20260501,2
161,20260505,2
161,20260507,2
161,20260508,2
161,20260512,2
161,20260514,2
161,20260519,2
161,20260521,2
161,20260526,2
161,20260528,2
161,20260602,2
161,20260604,2
161,20260609,2
161,20260611,2
161,20260616,2
161,20260618,2
161,20260623,2
161,20260625,2
162,20260109,2
162,20260116,2
162,20260123,2
162,20260130,2
162,20260206,2
162,20260213,2
162,20260216,2
162,20260217,2
162,20260218,2
162,20260219,2
162,20260220,2
162,20260227,2
162,20260306,2
162,20260313,2
162,20260320,2
162,20260327,2
162,20260402,2
162,20260403,2
162,20260406,2
162,20260410,2
162,20260417,2
162,20260424,2
162,20260501,2
162,20260508,2
162,20260515,2
162,20260522,2
162,20260529,2
162,20260605,2
162,20260612,2
162,20260619,2
162,20260626,2
163,20260109,2
163,20260116,2
163,20260123,2
163,20260130,2
163,20260206,2
163,20260213,2
163,20260216,2
163,20260217,2
163,20260218,2
163,20260219,2
163,20260220,2
163,20260227,2
163,20260306,2
163,20260313,2
163,20260320,2
163,20260327,2
163,20260402,2
163,20260403,2
163,20260406,2
163,20260410,2
163,20260417,2
163,20260424,2
163,20260430,2
163,20260501,2
163,20260507,2
163,20260508,2
163,20260515,2
163,20260522,2
163,20260529,2
163,20260605,2
163,20260612,2
163,20260619,2
163,20260626,2
164,20260109,2
164,20260116,2
164,20260123,2
164,20260130,2
164,20260206,2
164,20260213,2
164,20260220,2
164,20260227,2
164,20260306,2
164,20260313,2
164,20260320,2
164,20260327,2
164,20260402,2
164,20260403,2
164,20260406,2
164,20260410,2
164,20260417,2
164,20260424,2
164,20260430,2
164,20260501,2
164,20260507,2
164,20260508,2
164,20260515,2
164,20260522,2
165,20260130,2
165,20260309,2
165,20260310,2
165,20260311,2
165,20260312,2
165,20260313,2
165,20260402,2
165,20260403,2
165,20260406,2
165,20260501,2
165,20260508,2
166,20260106,2
166,20260108,2
166,20260113,2
166,20260115,2
166,20260120,2
166,20260122,2
166,20260127,2
166,20260129,2
166,20260203,2
166,20260205,2
166,20260210,2
166,20260212,2
166,20260217,2
166,20260219,2
166,20260224,2
166,20260226,2
166,20260303,2
166,20260305,2
166,20260310,2
166,20260312,2
166,20260317,2
166,20260319,2
166,20260324,2
166,20260326,2
166,20260331,2
166,20260402,2
166,20260403,2
166,20260406,2
166,20260407,2
166,20260409,2
166,20260414,2
166,20260416,2
166,20260421,2
166,20260423,2
166,20260428,2
166,20260430,2
166,20260501,2
166,20260505,2
166,20260507,2
166,20260508,2
166,20260512,2
166,20260514,2
166,20260519,2
166,20260521,2
166,20260526,2
166,20260528,2
166,20260602,2
166,20260604,2
166,20260609,2
166,20260611,2
166,20260616,2
166,20260618,2
166,20260623,2
166,20260625,2
167,20260130,2
167,20260216,2
167,20260217,2
167,20260218,2
167,20260219,2
167,20260220,2
167,20260402,2
167,20260403,2
167,20260406,2
167,20260501,2
167,20260508,2
168,20260130,2
168,20260209,2
168,20260210,2
168,20260211,2
168,20260212,2
168,20260213,2
168,20260402,2
168,20260403,2
168,20260406,2
168,20260501,2
168,20260508,2
170,20260109,2
170,20260112,2
170,20260116,2
170,20260119,2
170,20260123,2
170,20260126,2
170,20260130,2
170,20260202,2
170,20260206,2
170,20260209,2
170,20260213,2
170,20260216,2
170,20260217,2
170,20260218,2
170,20260219,2
170,20260220,2
170,20260223,2
170,20260227,2
170,20260302,2
170,20260306,2
170,20260309,2
170,20260313,2
170,20260316,2
170,20260320,2
170,20260323,2
170,20260327,2
170,20260330,2
170,20260402,2
170,20260403,2
170,20260406,2
170,20260410,2
170,20260413,2
170,20260417,2
170,20260420,2
170,20260424,2
170,20260427,2
170,20260501,2
170,20260504,2
170,20260508,2
170,20260511,2
170,20260515,2
170,20260518,2
170,20260522,2
170,20260525,2
170,20260529,2
170,20260601,2
170,20260605,2
170,20260608,2
170,20260612,2
170,20260615,2
170,20260619,2
170,20260622,2
170,20260626,2
170,20260629,2
171,20260107,2
171,20260109,2
171,20260112,2
171,20260114,2
171,20260116,2
171,20260119,2
171,20260121,2
171,20260123,2
171,20260126,2
171,20260128,2
171,20260130,2
171,20260202,2
171,20260204,2
171,20260206,2
171,20260209,2
171,20260211,2
171,20260213,2
171,20260216,2
171,20260217,2
171,20260218,2
171,20260219,2
171,20260220,2
171,20260223,2
171,20260225,2
171,20260227,2
171,20260302,2
171,20260304,2
171,20260306,2
171,20260309,2
171,20260311,2
171,20260313,2
171,20260316,2
171,20260318,2
171,20260320,2
171,20260323,2
171,20260325,2
171,20260327,2
171,20260330,2
171,20260401,2
171,20260402,2
171,20260403,2
171,20260406,2
171,20260408,2
171,20260410,2
171,20260413,2
171,20260415,2
171,20260417,2
171,20260420,2
171,20260422,2
171,20260424,2
171,20260427,2
171,20260429,2
171,20260501,2
171,20260504,2
171,20260506,2
171,20260508,2
171,20260511,2
171,20260513,2
171,20260515,2
171,20260518,2
171,20260520,2
171,20260522,2
171,20260525,2
171,20260527,2
171,20260529,2
171,20260601,2
171,20260603,2
171,20260605,2
171,20260608,2
171,20260610,2
171,20260612,2
171,20260615,2
171,20260617,2
171,20260619,2
171,20260622,2
171,20260624,2
172,20260107,2
172,20260109,2
172,20260112,2
172,20260114,2
172,20260116,2
172,20260119,2
172,20260121,2
172,20260123,2
172,20260126,2
172,20260128,2
172,20260130,2
172,20260202,2
172,20260204,2
172,20260206,2
172,20260209,2
172,20260211,2
172,20260213,2
172,20260216,2
172,20260218,2
172,20260220,2
172,20260223,2
172,20260225,2
172,20260227,2
172,20260302,2
172,20260304,2
172,20260306,2
172,20260309,2
172,20260311,2
172,20260313,2
172,20260316,2
172,20260318,2
172,20260320,2
172,20260323,2
172,20260325,2
172,20260327,2
172,20260330,2
172,20260401,2
172,20260403,2
172,20260406,2
172,20260408,2
172,20260410,2
172,20260413,2
172,20260415,2
172,20260417,2
172,20260420,2
172,20260422,2
172,20260424,2
172,20260427,2
172,20260429,2
172,20260501,2
172,20260504,2
172,20260506,2
172,20260508,2
172,20260511,2
172,20260513,2
172,20260515,2
172,20260518,2
172,20260520,2
172,20260522,2
172,20260525,2
172,20260527,2
172,20260529,2
172,20260601,2
172,20260603,2
172,20260605,2
172,20260608,2
172,20260610,2
172,20260612,2
172,20260615,2
172,20260617,2
172,20260619,2
172,20260622,2
172,20260624,2
172,20260626,2
172,20260629,2
173,20260112,2
173,20260113,2
173,20260114,2
173,20260115,2
173,20260119,2
173,20260120,2
173,20260121,2
173,20260122,2
173,20260126,2
173,20260127,2
173,20260128,2
173,20260130,2
173,20260202,2
173,20260203,2
173,20260204,2
173,20260205,2
173,20260209,2
173,20260210,2
173,20260211,2
173,20260212,2
173,20260216,2
173,20260217,2
173,20260218,2
173,20260219,2
173,20260220,2
173,20260223,2
173,20260224,2
173,20260225,2
173,20260226,2
173,20260302,2
173,20260303,2
173,20260304,2
173,20260305,2
173,20260309,2
173,20260310,2
173,20260311,2
173,20260312,2
173,20260316,2
173,20260317,2
173,20260318,2
173,20260319,2
173,20260323,2
173,20260324,2
173,20260325,2
173,20260326,2
173,20260330,2
173,20260331,2
173,20260402,2
173,20260403,2
173,20260406,2
173,20260407,2
173,20260408,2
173,20260409,2
173,20260413,2
173,20260414,2
173,20260415,2
173,20260416,2
173,20260420,2
173,20260421,2
173,20260422,2
173,20260423,2
173,20260427,2
173,20260428,2
173,20260429,2
173,20260501,2
173,20260504,2
173,20260505,2
173,20260506,2
173,20260508,2
173,20260511,2
173,20260512,2
173,20260513,2
173,20260514,2
173,20260518,2
173,20260519,2
173,20260520,2
173,20260521,2
173,20260525,2
173,20260526,2
173,20260527,2
173,20260528,2
173,20260601,2
173,20260602,2
173,20260603,2
173,20260604,2
173,20260608,2
173,20260609,2
173,20260610,2
173,20260611,2
173,20260615,2
173,20260616,2
173,20260617,2
173,20260618,2
173,20260622,2
173,20260623,2
173,20260624,2
173,20260625,2
174,20260112,2
174,20260113,2
174,20260114,2
174,20260115,2
174,20260119,2
174,20260120,2
174,20260121,2
174,20260122,2
174,20260126,2
174,20260127,2
174,20260128,2
174,20260129,2
174,20260202,2
174,20260203,2
174,20260204,2
174,20260205,2
174,20260209,2
174,20260210,2
174,20260211,2
174,20260212,2
174,20260216,2
174,20260217,2
174,20260218,2
174,20260219,2
174,20260223,2
174,20260224,2
174,20260225,2
174,20260226,2
174,20260302,2
174,20260303,2
174,20260304,2
174,20260305,2
174,20260309,2
174,20260310,2
174,20260311,2
174,20260312,2
174,20260316,2
174,20260317,2
174,20260318,2
174,20260319,2
174,20260323,2
174,20260324,2
174,20260325,2
174,20260326,2
174,20260330,2
174,20260331,2
174,20260401,2
174,20260403,2
174,20260406,2
174,20260407,2
174,20260408,2
174,20260409,2
174,20260413,2
174,20260414,2
174,20260415,2
174,20260416,2
174,20260420,2
174,20260421,2
174,20260422,2
174,20260423,2
174,20260427,2
174,20260428,2
174,20260429,2
174,20260501,2
174,20260504,2
174,20260505,2
174,20260506,2
174,20260508,2
174,20260511,2
174,20260512,2
174,20260513,2
174,20260514,2
174,20260518,2
174,20260519,2
174,20260520,2
174,20260521,2
174,20260525,2
174,20260526,2
174,20260527,2
174,20260528,2
174,20260601,2
174,20260602,2
174,20260603,2
174,20260604,2
174,20260608,2
174,20260609,2
174,20260610,2
174,20260611,2
174,20260615,2
174,20260616,2
174,20260617,2
174,20260618,2
174,20260622,2
174,20260623,2
174,20260624,2
174,20260625,2
175,20260112,2
175,20260113,2
175,20260114,2
175,20260115,2
175,20260119,2
175,20260120,2
175,20260121,2
175,20260122,2
175,20260126,2
175,20260127,2
175,20260128,2
175,20260130,2
175,20260202,2
175,20260203,2
175,20260204,2
175,20260205,2
175,20260209,2
175,20260210,2
175,20260211,2
175,20260212,2
175,20260216,2
175,20260217,2
175,20260218,2
175,20260219,2
175,20260220,2
175,20260223,2
175,20260224,2
175,20260225,2
175,20260226,2
175,20260302,2
175,20260303,2
175,20260304,2
175,20260305,2
175,20260309,2
175,20260310,2
175,20260311,2
175,20260312,2
175,20260316,2
175,20260317,2
175,20260318,2
175,20260319,2
175,20260323,2
175,20260324,2
175,20260325,2
175,20260326,2
175,20260330,2
175,20260331,2
175,20260402,2
175,20260403,2
175,20260406,2
175,20260407,2
175,20260408,2
175,20260409,2
175,20260413,2
175,20260414,2
175,20260415,2
175,20260416,2
175,20260420,2
175,20260421,2
175,20260422,2
175,20260423,2
175,20260427,2
175,20260428,2
175,20260429,2
175,20260501,2
175,20260504,2
175,20260505,2
175,20260506,2
175,20260508,2
175,20260511,2
175,20260512,2
175,20260513,2
175,20260514,2
175,20260518,2
175,20260519,2
175,20260520,2
175,20260521,2
175,20260525,2
175,20260526,2
175,20260527,2
175,20260528,2
175,20260601,2
175,20260602,2
175,20260603,2
175,20260604,2
175,20260608,2
175,20260609,2
175,20260610,2
175,20260611,2
175,20260615,2
175,20260616,2
175,20260617,2
175,20260618,2
176,20260112,2
176,20260113,2
176,20260114,2
176,20260115,2
176,20260119,2
176,20260120,2
176,20260121,2
176,20260122,2
176,20260126,2
176,20260127,2
176,20260128,2
176,20260129,2
176,20260130,2
176,20260202,2
176,20260203,2
176,20260204,2
176,20260205,2
176,20260209,2
176,20260210,2
176,20260211,2
176,20260212,2
176,20260216,2
176,20260217,2
176,20260218,2
176,20260219,2
176,20260220,2
176,20260223,2
176,20260224,2
176,20260225,2
176,20260226,2
176,20260302,2
176,20260303,2
176,20260304,2
176,20260305,2
176,20260309,2
176,20260310,2
176,20260311,2
176,20260312,2
176,20260316,2
176,20260317,2
176,20260318,2
176,20260319,2
176,20260323,2
176,20260324,2
176,20260325,2
176,20260326,2
176,20260330,2
176,20260331,2
176,20260401,2
176,20260402,2
176,20260403,2
176,20260406,2
176,20260407,2
176,20260408,2
176,20260409,2
176,20260413,2
176,20260414,2
176,20260415,2
176,20260416,2
176,20260420,2
176,20260421,2
176,20260422,2
176,20260423,2
176,20260427,2
176,20260428,2
176,20260429,2
176,20260430,2
176,20260501,2
176,20260504,2
176,20260505,2
176,20260506,2
176,20260507,2
176,20260508,2
176,20260511,2
176,20260512,2
176,20260513,2
176,20260514,2
176,20260518,2
176,20260519,2
176,20260520,2
176,20260521,2
176,20260525,2
176,20260526,2
176,20260527,2
176,20260528,2
176,20260601,2
176,20260602,2
176,20260603,2
176,20260604,2
176,20260608,2
176,20260609,2
176,20260610,2
176,20260611,2
176,20260615,2
176,20260616,2
176,20260617,2
176,20260618,2
176,20260622,2
176,20260623,2
176,20260624,2
176,20260625,2
177,20260112,2
177,20260113,2
177,20260114,2
177,20260115,2
177,20260119,2
177,20260120,2
177,20260121,2
177,20260122,2
177,20260126,2
177,20260127,2
177,20260128,2
177,20260129,2
177,20260130,2
177,20260202,2
177,20260203,2
177,20260204,2
177,20260205,2
177,20260209,2
177,20260210,2
177,20260211,2
177,20260212,2
177,20260216,2
177,20260217,2
177,20260218,2
177,20260219,2
177,20260220,2
177,20260223,2
177,20260224,2
177,20260225,2
177,20260226,2
177,20260302,2
177,20260303,2
177,20260304,2
177,20260305,2
177,20260309,2
177,20260310,2
177,20260311,2
177,20260312,2
177,20260316,2
177,20260317,2
177,20260318,2
177,20260319,2
177,20260323,2
177,20260324,2
177,20260325,2
177,20260326,2
177,20260330,2
177,20260331,2
177,20260401,2
177,20260402,2
177,20260403,2
177,20260406,2
177,20260407,2
177,20260408,2
177,20260409,2
177,20260413,2
177,20260414,2
177,20260415,2
177,20260416,2
177,20260420,2
177,20260421,2
177,20260422,2
177,20260423,2
177,20260427,2
177,20260428,2
177,20260429,2
177,20260501,2
177,20260504,2
177,20260505,2
177,20260506,2
177,20260508,2
177,20260511,2
177,20260512,2
177,20260513,2
177,20260514,2
177,20260518,2
177,20260519,2
177,20260520,2
177,20260521,2
177,20260525,2
177,20260526,2
177,20260527,2
177,20260528,2
177,20260601,2
177,20260602,2
177,20260603,2
177,20260604,2
177,20260608,2
177,20260609,2
177,20260610,2
177,20260611,2
177,20260615,2
177,20260616,2
177,20260617,2
177,20260618,2
177,20260622,2
177,20260623,2
177,20260624,2
177,20260625,2
178,20260111,2
178,20260118,2
178,20260125,2
178,20260201,2
178,20260208,2
178,20260215,2
178,20260221,2
178,20260222,2
178,20260301,2
178,20260308,2
178,20260315,2
178,20260322,2
178,20260329,2
178,20260404,2
178,20260405,2
178,20260412,2
178,20260419,2
178,20260426,2
178,20260502,2
178,20260503,2
178,20260509,2
178,20260510,2
178,20260517,2
178,20260524,2
178,20260531,2
178,20260607,2
178,20260614,2
178,20260621,2
179,20260111,2
179,20260118,2
179,20260125,2
179,20260201,2
179,20260208,2
179,20260215,2
179,20260221,2
179,20260222,2
179,20260301,2
179,20260308,2
179,20260315,2
179,20260322,2
180,20260403,2
180,20260406,2
180,20260501,2
180,20260508,2
181,20260119,2
181,20260120,2
181,20260121,2
181,20260122,2
181,20260123,2
181,20260202,2
181,20260203,2
181,20260204,2
181,20260205,2
181,20260206,2
181,20260216,2
181,20260217,2
181,20260218,2
181,20260219,2
181,20260220,2
181,20260302,2
181,20260303,2
181,20260304,2
181,20260305,2
181,20260306,2
181,20260316,2
181,20260317,2
181,20260318,2
181,20260319,2
181,20260320,2
181,20260330,2
181,20260331,2
181,20260401,2
181,20260402,2
181,20260403,2
181,20260406,2
181,20260413,2
181,20260414,2
181,20260415,2
181,20260416,2
181,20260417,2
181,20260427,2
181,20260428,2
181,20260429,2
181,20260430,2
181,20260501,2
181,20260508,2
181,20260511,2
181,20260512,2
181,20260513,2
181,20260514,2
181,20260515,2
181,20260525,2
181,20260526,2
181,20260527,2
181,20260528,2
181,20260529,2
181,20260608,2
181,20260609,2
181,20260610,2
181,20260611,2
181,20260612,2
181,20260622,2
181,20260623,2
181,20260624,2
181,20260625,2
181,20260626,2
182,20260403,1
182,20260406,1
182,20260501,1
182,20260508,1
184,20260118,2
185,20260118,2
185,20260125,2
185,20260201,2
185,20260208,2
185,20260215,2
185,20260222,2
185,20260301,2
185,20260308,2
185,20260315,2
185,20260322,2
185,20260329,2
185,20260403,1
185,20260405,2
185,20260412,2
185,20260419,2
185,20260426,2
185,20260501,1
185,20260503,2
185,20260508,1
185,20260510,2
185,20260517,2
185,20260524,2
185,20260531,2
185,20260607,2
185,20260614,2
185,20260621,2
188,20260118,2
188,20260125,2
188,20260201,2
188,20260208,2
188,20260215,2
188,20260222,2
188,20260301,2
188,20260308,2
188,20260315,2
188,20260322,2
188,20260329,2
188,20260403,1
188,20260404,2
188,20260405,2
188,20260412,2
188,20260419,2
188,20260426,2
188,20260501,1
188,20260502,2
188,20260503,2
188,20260508,1
188,20260509,2
188,20260510,2
188,20260517,2
188,20260524,2
188,20260531,2
188,20260607,2
188,20260614,2
188,20260621,2
189,20260124,2
190,20260124,2
190,20260131,2
190,20260207,2
190,20260214,2
190,20260221,2
190,20260228,2
190,20260307,2
190,20260314,2
190,20260321,2
190,20260328,2
190,20260404,2
190,20260406,1
190,20260411,2
190,20260418,2
190,20260425,2
190,20260502,2
190,20260509,2
190,20260516,2
190,20260523,2
190,20260530,2
190,20260606,2
190,20260613,2
190,20260620,2
190,20260627,2
192,20260124,2
192,20260131,2
192,20260207,2
192,20260214,2
192,20260221,2
192,20260228,2
192,20260307,2
192,20260314,2
192,20260321,2
192,20260328,2
192,20260404,2
192,20260405,2
192,20260406,1
192,20260411,2
192,20260418,2
192,20260425,2
192,20260502,2
192,20260509,2
192,20260516,2
192,20260523,2
192,20260530,2
192,20260606,2
192,20260613,2
192,20260620,2
192,20260627,2
193,20260403,2
193,20260406,2
193,20260501,2
193,20260508,2
194,20260123,2
194,20260130,2
194,20260206,2
194,20260213,2
194,20260220,2
194,20260227,2
194,20260306,2
194,20260313,2
194,20260320,2
194,20260327,2
194,20260403,2
194,20260406,2
194,20260410,2
194,20260417,2
194,20260424,2
194,20260501,2
194,20260508,2
194,20260515,2
194,20260522,2
194,20260529,2
194,20260605,2
194,20260612,2
194,20260619,2
194,20260626,2
195,20260403,2
195,20260406,2
195,20260501,2
195,20260508,2
196,20260122,2
196,20260123,2
196,20260129,2
196,20260130,2
196,20260205,2
196,20260206,2
196,20260212,2
196,20260213,2
196,20260219,2
196,20260220,2
196,20260226,2
196,20260227,2
196,20260305,2
196,20260306,2
196,20260312,2
196,20260313,2
196,20260319,2
196,20260320,2
196,20260326,2
196,20260327,2
196,20260402,2
196,20260403,2
196,20260406,2
196,20260409,2
196,20260410,2
196,20260416,2
196,20260417,2
196,20260423,2
196,20260424,2
196,20260430,2
196,20260501,2
196,20260507,2
196,20260508,2
196,20260514,2
196,20260515,2
196,20260521,2
196,20260522,2
196,20260528,2
196,20260529,2
196,20260604,2
196,20260605,2
196,20260611,2
196,20260612,2
196,20260618,2
196,20260619,2
196,20260625,2
196,20260626,2
197,20260126,2
197,20260127,2
197,20260128,2
197,20260202,2
197,20260203,2
197,20260204,2
197,20260209,2
197,20260210,2
197,20260211,2
197,20260216,2
197,20260217,2
197,20260218,2
197,20260223,2
197,20260224,2
197,20260225,2
197,20260302,2
197,20260303,2
197,20260304,2
197,20260309,2
197,20260310,2
197,20260311,2
197,20260316,2
197,20260317,2
197,20260318,2
197,20260323,2
197,20260324,2
197,20260325,2
197,20260330,2
197,20260331,2
197,20260401,2
197,20260403,2
197,20260406,2
197,20260407,2
197,20260408,2
197,20260413,2
197,20260414,2
197,20260415,2
197,20260420,2
197,20260421,2
197,20260422,2
197,20260427,2
197,20260428,2
197,20260429,2
197,20260501,2
197,20260504,2
197,20260505,2
197,20260506,2
197,20260508,2
197,20260511,2
197,20260512,2
197,20260513,2
197,20260518,2
197,20260519,2
197,20260520,2
197,20260525,2
197,20260526,2
197,20260527,2
197,20260601,2
197,20260602,2
197,20260603,2
197,20260608,2
197,20260609,2
197,20260610,2
197,20260615,2
197,20260616,2
197,20260617,2
197,20260622,2
197,20260623,2
197,20260624,2
198,20260126,2
198,20260127,2
198,20260128,2
198,20260129,2
198,20260202,2
198,20260203,2
198,20260204,2
198,20260205,2
198,20260209,2
198,20260210,2
198,20260211,2
198,20260212,2
198,20260216,2
198,20260217,2
198,20260218,2
198,20260219,2
198,20260223,2
198,20260224,2
198,20260225,2
198,20260226,2
198,20260302,2
198,20260303,2
198,20260304,2
198,20260305,2
198,20260309,2
198,20260310,2
198,20260311,2
198,20260312,2
198,20260316,2
198,20260317,2
198,20260318,2
198,20260319,2
198,20260323,2
198,20260324,2
198,20260325,2
198,20260326,2
198,20260330,2
198,20260331,2
198,20260401,2
198,20260402,2
198,20260403,2
198,20260406,2
198,20260407,2
198,20260408,2
198,20260409,2
198,20260413,2
198,20260414,2
198,20260415,2
198,20260416,2
198,20260420,2
198,20260421,2
198,20260422,2
198,20260423,2
198,20260427,2
198,20260428,2
198,20260429,2
198,20260430,2
198,20260501,2
198,20260504,2
198,20260505,2
198,20260506,2
198,20260507,2
198,20260508,2
198,20260511,2
198,20260512,2
198,20260513,2
198,20260514,2
198,20260518,2
198,20260519,2
198,20260520,2
198,20260521,2
198,20260525,2
198,20260526,2
198,20260527,2
198,20260528,2
198,20260601,2
198,20260602,2
198,20260603,2
198,20260604,2
198,20260608,2
198,20260609,2
198,20260610,2
198,20260611,2
198,20260615,2
198,20260616,2
198,20260617,2
198,20260618,2
198,20260622,2
198,20260623,2
198,20260624,2
198,20260625,2
199,20260125,2
199,20260201,2
199,20260208,2
199,20260215,2
199,20260222,2
199,20260301,2
199,20260308,2
199,20260315,2
199,20260322,2
199,20260329,2
199,20260403,1
199,20260412,2
199,20260419,2
199,20260426,2
199,20260501,1
199,20260503,2
199,20260508,1
199,20260510,2
199,20260517,2
199,20260524,2
199,20260531,2
199,20260607,2
199,20260614,2
199,20260621,2
200,20260403,1
200,20260406,1
200,20260501,1
200,20260508,1
201,20260131,2
201,20260207,2
201,20260214,2
201,20260221,2
201,20260228,2
201,20260307,2
201,20260314,2
201,20260321,2
201,20260328,2
201,20260404,2
201,20260405,2
201,20260406,1
201,20260411,2
201,20260418,2
201,20260425,2
201,20260502,2
201,20260509,2
201,20260516,2
201,20260523,2
201,20260530,2
201,20260606,2
201,20260613,2
201,20260620,2
201,20260627,2
202,20260202,2
202,20260203,2
202,20260204,2
202,20260205,2
202,20260206,2
202,20260209,2
202,20260210,2
202,20260211,2
202,20260212,2
202,20260213,2
202,20260223,2
202,20260224,2
202,20260225,2
202,20260226,2
202,20260227,2
202,20260302,2
202,20260303,2
202,20260304,2
202,20260305,2
202,20260306,2
202,20260309,2
202,20260310,2
202,20260311,2
202,20260312,2
202,20260313,2
202,20260316,2
202,20260317,2
202,20260318,2
202,20260319,2
202,20260320,2
202,20260323,2
202,20260324,2
202,20260325,2
202,20260326,2
202,20260327,2
202,20260330,2
202,20260331,2
202,20260401,2
203,20260202,2
203,20260203,2
203,20260204,2
203,20260205,2
203,20260206,2
203,20260209,2
203,20260210,2
203,20260211,2
203,20260212,2
203,20260213,2
203,20260217,2
203,20260218,2
203,20260219,2
204,20260202,2
204,20260203,2
204,20260204,2
204,20260205,2
204,20260206,2
204,20260209,2
204,20260210,2
204,20260211,2
204,20260212,2
204,20260213,2
205,20260202,2
205,20260203,2
205,20260204,2
205,20260205,2
205,20260206,2
205,20260209,2
205,20260210,2
205,20260211,2
205,20260212,2
205,20260213,2
205,20260220,2
205,20260223,2
205,20260224,2
205,20260225,2
205,20260226,2
205,20260227,2
205,20260302,2
205,20260303,2
205,20260304,2
205,20260305,2
205,20260306,2
205,20260309,2
205,20260310,2
205,20260311,2
205,20260312,2
205,20260313,2
205,20260316,2
205,20260317,2
205,20260318,2
205,20260319,2
205,20260320,2
205,20260323,2
205,20260324,2
205,20260325,2
205,20260326,2
205,20260327,2
205,20260330,2
205,20260331,2
205,20260401,2
206,20260202,2
206,20260203,2
206,20260204,2
206,20260205,2
206,20260206,2
206,20260209,2
206,20260210,2
206,20260211,2
206,20260212,2
206,20260213,2
206,20260216,2
206,20260217,2
206,20260218,2
206,20260219,2
206,20260220,2
206,20260223,2
206,20260224,2
206,20260225,2
206,20260226,2
206,20260227,2
206,20260302,2
206,20260303,2
206,20260304,2
206,20260305,2
206,20260306,2
206,20260309,2
206,20260310,2
206,20260311,2
206,20260312,2
206,20260313,2
206,20260316,2
206,20260317,2
206,20260318,2
206,20260319,2
206,20260320,2
206,20260323,2
206,20260324,2
206,20260325,2
206,20260326,2
206,20260327,2
206,20260330,2
206,20260331,2
206,20260401,2
207,20260202,2
207,20260203,2
207,20260204,2
207,20260205,2
207,20260206,2
207,20260209,2
207,20260210,2
207,20260211,2
207,20260212,2
207,20260213,2
207,20260216,2
207,20260217,2
207,20260218,2
207,20260219,2
207,20260223,2
207,20260224,2
207,20260225,2
207,20260226,2
207,20260227,2
207,20260302,2
207,20260303,2
207,20260304,2
207,20260305,2
207,20260306,2
207,20260309,2
207,20260310,2
207,20260311,2
207,20260312,2
207,20260313,2
207,20260316,2
207,20260317,2
207,20260318,2
207,20260319,2
207,20260320,2
207,20260323,2
207,20260324,2
207,20260325,2
207,20260326,2
207,20260327,2
207,20260330,2
207,20260331,2
207,20260401,2
208,20260202,2
208,20260203,2
208,20260204,2
208,20260205,2
208,20260206,2
208,20260209,2
208,20260210,2
208,20260211,2
208,20260212,2
208,20260213,2
208,20260216,2
208,20260217,2
208,20260218,2
208,20260219,2
213,20260307,2
213,20260314,2
213,20260321,2
213,20260328,2
213,20260404,2
213,20260405,2
213,20260406,1
213,20260411,2
213,20260418,2
213,20260425,2
213,20260502,2
213,20260509,2
213,20260516,2
213,20260523,2
213,20260530,2
213,20260606,2
213,20260613,2
213,20260620,2
213,20260627,2
217,20260403,1
217,20260406,1
217,20260501,1
217,20260508,1
218,20260329,2
218,20260403,1
218,20260412,2
218,20260419,2
218,20260426,2
218,20260501,1
218,20260503,2
218,20260508,1
218,20260510,2
218,20260517,2
218,20260524,2
218,20260531,2
218,20260607,2
218,20260614,2
218,20260621,2
219,20260329,2
219,20260403,1
219,20260404,2
219,20260405,2
219,20260412,2
219,20260419,2
219,20260426,2
219,20260501,1
219,20260502,2
219,20260503,2
219,20260508,1
219,20260509,2
219,20260510,2
219,20260517,2
219,20260524,2
219,20260531,2
219,20260607,2
219,20260614,2
219,20260621,2
220,20260403,1
220,20260406,1
221,20260403,1
221,20260406,1
221,20260501,1
221,20260508,1
222,20260329,2
222,20260403,1
222,20260405,2
222,20260412,2
222,20260419,2
222,20260426,2
222,20260501,1
222,20260503,2
222,20260508,1
222,20260510,2
222,20260517,2
222,20260524,2
222,20260531,2
222,20260607,2
222,20260614,2
222,20260621,2
223,20260404,2
223,20260405,2
223,20260411,2
223,20260412,2
223,20260418,2
223,20260419,2
223,20260425,2
223,20260426,2
223,20260502,2
223,20260503,2
223,20260509,2
223,20260510,2
223,20260516,2
223,20260517,2
223,20260523,2
223,20260524,2
223,20260530,2
223,20260531,2
224,20260403,1
224,20260406,1
224,20260501,1
224,20260508,1
224,20260627,2
225,20260403,1
225,20260406,1
225,20260501,1
225,20260508,1
226,20260404,2
226,20260405,2
226,20260406,1
226,20260411,2
226,20260418,2
226,20260425,2
226,20260502,2
226,20260509,2
226,20260516,2
226,20260523,2
226,20260530,2
226,20260606,2
226,20260613,2
226,20260620,2
226,20260627,2
227,20260406,1
227,20260411,2
227,20260418,2
227,20260425,2
227,20260516,2
227,20260523,2
227,20260530,2
227,20260606,2
227,20260613,2
227,20260620,2
227,20260627,2
228,20260404,2
228,20260406,1
228,20260411,2
228,20260418,2
228,20260425,2
228,20260502,2
228,20260509,2
228,20260516,2
228,20260523,2
228,20260530,2
228,20260606,2
228,20260613,2
228,20260620,2
228,20260627,2
229,20260402,2
229,20260403,2
229,20260406,2
229,20260501,2
229,20260508,2
230,20260403,2
230,20260406,2
230,20260501,2
230,20260508,2
231,20260403,2
231,20260406,2
231,20260501,2
231,20260508,2
233,20260403,2
233,20260406,2
233,20260407,2
233,20260408,2
233,20260409,2
233,20260410,2
233,20260413,2
233,20260414,2
233,20260415,2
233,20260416,2
233,20260417,2
233,20260420,2
233,20260421,2
233,20260422,2
233,20260423,2
233,20260424,2
233,20260427,2
233,20260428,2
233,20260429,2
233,20260501,2
233,20260504,2
233,20260505,2
233,20260506,2
234,20260404,2
234,20260407,2
234,20260408,2
234,20260409,2
234,20260410,2
234,20260411,2
234,20260414,2
234,20260415,2
234,20260416,2
234,20260417,2
234,20260418,2
234,20260421,2
234,20260422,2
234,20260423,2
234,20260424,2
234,20260425,2
234,20260428,2
234,20260429,2
234,20260430,2
234,20260502,2
234,20260505,2
234,20260506,2
234,20260507,2
235,20260403,1
235,20260404,2
235,20260411,2
235,20260412,2
235,20260418,2
235,20260419,2
235,20260425,2
235,20260426,2
235,20260501,1
235,20260502,2
235,20260503,2
235,20260508,1
236,20260403,1
236,20260404,2
236,20260405,2
236,20260406,1
236,20260411,2
236,20260412,2
236,20260418,2
236,20260419,2
236,20260425,2
236,20260426,2
236,20260501,1
236,20260502,2
236,20260503,2
236,20260508,1
237,20260403,1
237,20260404,2
237,20260405,2
237,20260411,2
237,20260412,2
237,20260418,2
237,20260419,2
237,20260425,2
237,20260426,2
237,20260501,1
237,20260502,2
237,20260503,2
237,20260508,1
238,20260403,1
238,20260406,1
238,20260501,1
238,20260508,1
239,20260403,1
240,20260403,1
240,20260411,2
240,20260412,2
240,20260418,2
240,20260419,2
240,20260425,2
240,20260426,2
240,20260501,1
240,20260503,2
240,20260508,1
241,20260411,2
241,20260412,2
241,20260418,2
241,20260419,2
241,20260425,2
241,20260426,2
241,20260503,2
242,20260405,2
242,20260411,2
242,20260412,2
242,20260418,2
242,20260419,2
242,20260425,2
242,20260426,2
242,20260503,2
244,20260405,2
244,20260412,2
244,20260419,2
244,20260426,2
244,20260503,2
244,20260510,2
244,20260517,2
244,20260524,2
245,20260411,2
245,20260418,2
245,20260425,2
245,20260502,2
245,20260509,2
245,20260516,2
245,20260523,2
245,20260530,2
247,20260406,1
248,20260406,1
248,20260411,2
248,20260412,2
248,20260418,2
248,20260419,2
248,20260425,2
248,20260426,2
248,20260501,1
248,20260502,2
248,20260503,2
248,20260508,1
249,20260412,2
249,20260419,2
249,20260426,2
249,20260502,2
249,20260503,2
249,20260509,2
249,20260510,2
249,20260517,2
249,20260524,2
249,20260531,2
249,20260607,2
249,20260614,2
249,20260621,2
251,20260501,2
251,20260504,2
251,20260505,2
251,20260506,2
252,20260501,1
252,20260502,2
252,20260503,2
252,20260508,1
253,20260503,2
254,20260508,2
255,20260508,1
258,20260602,2
258,20260603,2
258,20260604,2
258,20260605,2
258,20260609,2
258,20260610,2
258,20260611,2
258,20260612,2
258,20260616,2
258,20260617,2
258,20260618,2
258,20260619,2
258,20260623,2
258,20260624,2
258,20260625,2
258,20260626,2
259,20260605,2
259,20260612,2
259,20260619,2
259,20260626,2
260,20260608,2
260,20260615,2
260,20260622,2
260,20260629,2
261,20260608,2
261,20260609,2
261,20260610,2
261,20260611,2
261,20260615,2
261,20260616,2
261,20260617,2
261,20260618,2
261,20260622,2
261,20260623,2
261,20260624,2
261,20260625,2
263,20260607,2
263,20260614,2
263,20260621,2
264,20260613,2
264,20260620,2
264,20260627,2
269,20260101,2
269,20260102,2
270,20260101,1
271,20251230,1
272,20251230,1
272,20260102,2
272,20260103,2
272,20260109,2
272,20260110,2
272,20260116,2
272,20260117,2
272,20260123,2
272,20260124,2
272,20260130,2
272,20260131,2
272,20260206,2
272,20260207,2
272,20260213,2
272,20260214,2
272,20260220,2
272,20260221,2
272,20260227,2
272,20260228,2
272,20260306,2
272,20260307,2
272,20260313,2
272,20260314,2
272,20260320,2
272,20260321,2
272,20260327,2
272,20260328,2
272,20260402,1
272,20260403,2
272,20260404,2
272,20260405,1
272,20260410,2
272,20260411,2
272,20260417,2
272,20260418,2
272,20260424,2
272,20260425,2
272,20260430,1
272,20260501,2
272,20260502,2
272,20260507,1
273,20251231,1
273,20260103,2
273,20260104,2
273,20260110,2
273,20260111,2
273,20260117,2
273,20260118,2
273,20260124,2
273,20260125,2
273,20260131,2
273,20260201,2
273,20260207,2
273,20260208,2
273,20260214,2
273,20260215,2
273,20260221,2
273,20260222,2
273,20260228,2
273,20260301,2
273,20260307,2
273,20260308,2
273,20260314,2
273,20260315,2
273,20260321,2
273,20260322,2
273,20260328,2
273,20260329,2
273,20260403,1
273,20260404,2
273,20260405,2
273,20260406,1
273,20260411,2
273,20260412,2
273,20260418,2
273,20260419,2
273,20260425,2
273,20260426,2
273,20260501,1
273,20260502,2
273,20260503,2
273,20260508,1
274,20251230,1
274,20260402,1
274,20260405,1
274,20260430,1
274,20260507,1
275,20251230,1
275,20251231,1
275,20260102,2
275,20260103,2
275,20260109,2
275,20260110,2
275,20260116,2
275,20260117,2
275,20260123,2
275,20260124,2
275,20260130,2
275,20260131,2
275,20260206,2
275,20260207,2
275,20260213,2
275,20260214,2
275,20260220,2
275,20260221,2
275,20260227,2
275,20260228,2
275,20260306,2
275,20260307,2
275,20260313,2
275,20260314,2
275,20260320,2
275,20260321,2
275,20260327,2
275,20260328,2
275,20260402,1
275,20260403,2
275,20260404,2
275,20260405,1
275,20260410,2
275,20260411,2
275,20260417,2
275,20260418,2
275,20260424,2
275,20260425,2
275,20260430,1
275,20260501,2
275,20260502,2
275,20260507,1
276,20251231,1
277,20260102,1
277,20260104,2
277,20260105,2
277,20260111,2
277,20260112,2
277,20260118,2
277,20260119,2
277,20260125,2
277,20260126,2
277,20260201,2
277,20260202,2
277,20260208,2
277,20260209,2
277,20260215,2
277,20260216,2
277,20260222,2
277,20260223,2
277,20260301,2
277,20260302,2
277,20260308,2
277,20260309,2
277,20260315,2
277,20260316,2
277,20260322,2
277,20260323,2
277,20260329,2
277,20260330,2
277,20260404,1
277,20260405,2
277,20260406,2
277,20260407,1
277,20260412,2
277,20260413,2
277,20260419,2
277,20260420,2
277,20260426,2
277,20260427,2
277,20260502,1
277,20260503,2
277,20260504,2
277,20260509,1
278,20260102,1
280,20260402,2
280,20260405,2
280,20260430,2
280,20260507,2
281,20260405,1
284,20260402,1
284,20260405,1
284,20260430,1
284,20260507,1
285,20260405,2
286,20260110,2
286,20260117,2
286,20260124,2
286,20260131,2
286,20260207,2
286,20260214,2
286,20260221,2
286,20260228,2
286,20260307,2
286,20260314,2
286,20260321,2
286,20260328,2
286,20260404,2
286,20260405,2
286,20260406,1
286,20260411,2
286,20260418,2
286,20260425,2
286,20260502,2
286,20260509,2
286,20260516,2
287,20260404,2
287,20260407,2
287,20260502,2
287,20260509,2
288,20260402,2
288,20260405,2
288,20260430,2
288,20260507,2
289,20260202,2
289,20260203,2
289,20260204,2
289,20260205,2
289,20260206,2
289,20260209,2
289,20260210,2
289,20260211,2
289,20260212,2
289,20260213,2
289,20260223,2
289,20260224,2
289,20260225,2
289,20260226,2
289,20260227,2
289,20260302,2
289,20260303,2
289,20260304,2
289,20260305,2
289,20260306,2
289,20260309,2
289,20260310,2
289,20260311,2
289,20260312,2
289,20260313,2
289,20260316,2
289,20260317,2
289,20260318,2
289,20260319,2
289,20260320,2
289,20260323,2
289,20260324,2
289,20260325,2
289,20260326,2
289,20260327,2
289,20260330,2
289,20260331,2
289,20260401,2
289,20260403,2
289,20260406,2
289,20260407,2
289,20260408,2
289,20260409,2
289,20260410,2
289,20260413,2
289,20260414,2
289,20260415,2
289,20260416,2
289,20260417,2
289,20260420,2
289,20260421,2
289,20260422,2
289,20260423,2
289,20260424,2
289,20260427,2
289,20260428,2
289,20260429,2
289,20260430,2
289,20260501,2
289,20260504,2
289,20260505,2
289,20260506,2
289,20260507,2
289,20260508,2
289,20260511,2
289,20260512,2
289,20260513,2
289,20260514,2
289,20260515,2
289,20260518,2
289,20260519,2
289,20260520,2
289,20260521,2
289,20260522,2
289,20260525,2
289,20260526,2
289,20260527,2
289,20260528,2
289,20260529,2
289,20260601,2
289,20260602,2
289,20260603,2
289,20260604,2
289,20260605,2
289,20260608,2
289,20260609,2
289,20260610,2
289,20260611,2
289,20260612,2
289,20260615,2
289,20260616,2
289,20260617,2
289,20260618,2
289,20260619,2
289,20260622,2
289,20260623,2
289,20260624,2
289,20260625,2
289,20260626,2
290,20260403,1
290,20260404,2
290,20260411,2
290,20260418,2
290,20260425,2
290,20260501,1
290,20260502,2
290,20260508,1
291,20260404,1
291,20260405,2
291,20260406,2
291,20260407,1
291,20260412,2
291,20260413,2
291,20260419,2
291,20260420,2
291,20260426,2
291,20260427,2
291,20260502,1
291,20260503,2
291,20260504,2
291,20260509,1
292,20260402,1
292,20260403,2
292,20260404,2
292,20260405,1
292,20260410,2
292,20260411,2
292,20260417,2
292,20260418,2
292,20260424,2
292,20260425,2
292,20260430,1
292,20260501,2
292,20260502,2
292,20260507,1
293,20260406,1
